reset_tree_info
add_info_line "#Type#NoLimit"
add_info_line "#Range0#AA,KK,QQ,JJ,TT,99,88,77,66,55:0.494,AK,AQ,AJ,ATs,ATo:0.434,A9s,A8s,A7s:0.99,A6s:0.002,A5s,A4s:0.704,A3s:0.008,KQ,KJs,KJo:0.642,KTs,KTo:0.058,K9s,K8s:0.068,K6s:0.108,QJs,QJo:0.034,QTs,Q9s:0.988,JTs,JTo:0.002,J9s,T9s,T8s:0.722,98s:0.206,87s:0.084,76s:0.07"
add_info_line "#Range1#QQ:0.38,JJ:0.564,TT:0.714,99:0.954,88:0.862,77:0.916,66:0.978,55,44:0.998,33:0.996,22:0.998,AKo:0.482,AQs,AQo:0.738,AJs,AJo:0.692,ATs,ATo:0.216,A9s:0.948,A8s:0.712,A7s:0.788,A6s:0.094,A5s:0.998,A4s,A3s:0.996,A2s:0.014,KQs,KQo:0.8,KJs,KJo:0.376,KTs,K9s:0.956,K8s:0.55,K7s:0.286,K6s:0.916,K5s:0.002,QJs,QTs,QTo:0.006,Q9s:0.804,JTs,JTo:0.09,J9s:0.832,J8s:0.63,T9s:0.896,T8s:0.964,T7s:0.138,98s:0.964,97s:0.72,87s:0.97,86s:0.328,76s:0.998,65s:0.832,54s:0.928"
add_info_line "#Rake.Enabled#True"
add_info_line "#Rake.Fraction#0.05"
add_info_line "#Rake.Cap#6"
add_info_line "#Board#Qs Qd Tc"
add_info_line "#Pot#230"
add_info_line "#EffectiveStacks#890"
add_info_line "#AllinThreshold#67"
add_info_line "#AddAllinOnlyIfLessThanThisTimesThePot#500"
add_info_line "#CapEnabled#True"
add_info_line "#CapPerStreet#5\n5\n5"
add_info_line "#CapMode#NoLimit"
add_info_line "#FlopConfig.BetSize#30,50,75,100"
add_info_line "#FlopConfig.RaiseSize#30, 60, a"
add_info_line "#TurnConfig.BetSize#30, 67, 133"
add_info_line "#TurnConfig.RaiseSize#60, a"
add_info_line "#TurnConfig.AddAllin#True"
add_info_line "#RiverConfig.BetSize#25, 50, 75, 100, 133, a"
add_info_line "#RiverConfig.RaiseSize#60, a"
add_info_line "#RiverConfig.AddAllin#True"
add_info_line "#RiverConfig.DonkBetSize#a"
add_info_line "#FlopConfigIP.BetSize#25,50,75"
add_info_line "#FlopConfigIP.RaiseSize#30,60"
add_info_line "#TurnConfigIP.BetSize#30, 67, a"
add_info_line "#TurnConfigIP.RaiseSize#60, a"
add_info_line "#TurnConfigIP.AddAllin#True"
add_info_line "#RiverConfigIP.BetSize#25, 50, 75, 100, a"
add_info_line "#RiverConfigIP.RaiseSize#60, a"
add_info_line "#RiverConfigIP.AddAllin#True"
set_accuracy 1.150000
set_range OOP 0 0 0 0 0 0 0 0 0 0 0 0 0 0 0 0 0 0 0 0 0 0 0 0 0 0 0 0 0 0 0 0 0 0 0 0 0 0 0 0 0 0 0 0 0 0 0 0 0 0 0 0 0 0 0 0 0 0 0 0 0 0 0 0 0 0 0 0 0 0 0 0 0 0 0 0 0 0 0 0 0 0 0 0 0 0 0 0 0 0 0.494 0 0 0 0 0 0 0 0 0 0 0 0 0.494 0.494 0 0 0 0 0 0 0 0 0 0 0 0 0.494 0.494 0.494 0 0 0 0 0 0 0 0 0 0 0 0 0 0 0 0 0 0 0 0 0 0 0 0 0 0 0 0 0 0 0 0 1 0 0 0 0 0 0 0 0 0 0 0 0 0 0 0 0 1 1 0 0 0 0 0 0 0 0 0 0 0 0 0 0 0 0 1 1 1 0 0 0 0 0 0 0 0 0 0 0 0 0 0 0 0 0.07 0 0 0 0 0 0 0 0 0 0 0 0 0 0 0 0 0 0 0 0 0.07 0 0 1 0 0 0 0 0 0 0 0 0 0 0 0 0 0 0 0 0 0 0.07 0 1 1 0 0 0 0 0 0 0 0 0 0 0 0 0 0 0 0 0 0 0 0.07 1 1 1 0 0 0 0 0 0 0 0 0 0 0 0 0 0 0 0 0 0 0 0 0.084 0 0 0 0 0 0 0 0 0 0 0 0 0 0 0 0 0 0 0 0 0 0 0 0 0.084 0 0 1 0 0 0 0 0 0 0 0 0 0 0 0 0 0 0 0 0 0 0 0 0 0 0.084 0 1 1 0 0 0 0 0 0 0 0 0 0 0 0 0 0 0 0 0 0 0 0 0 0 0 0.084 1 1 1 0 0 0 0 0 0 0 0 0 0 0 0 0 0 0 0 0 0 0 0 0 0 0 0 0.206 0 0 0 0 0 0 0 0 0 0 0 0 0 0 0 0 0 0 0 0 0 0 0 0 0 0 0 0 0.206 0 0 1 0 0 0 0 0 0 0 0 0 0 0 0 0 0 0 0 0 0 0 0 0 0 0 0 0 0 0.206 0 1 1 0 0 0 0 0 0 0 0 0 0 0 0 0 0 0 0 0 0 0 0 0 0 0 0 0 0 0 0.206 1 1 1 0 0 0 0 0 0 0 0 0 0 0 0 0 0 0 0 0 0 0 0 0 0 0 0 0.722 0 0 0 1 0 0 0 0 0 0 0 0 0 0 0 0 0 0 0 0 0 0 0 0 0 0 0 0 0 0 0 0 0.722 0 0 0 1 0 0 1 0 0 0 0 0 0 0 0 0 0 0 0 0 0 0 0 0 0 0 0 0 0 0 0 0 0 0.722 0 0 0 1 0 1 1 0 0 0 0 0 0 0 0 0 0 0 0 0 0 0 0 0 0 0 0 0 0 0 0 0 0 0 0.722 0 0 0 1 1 1 1 0 0 0 0 0 0 0 0 0 0 0 0 0 0 0 0 0 0 0 0 0 0 0 0 0 0 0 0 1 0 0 0 1 0.002 0.002 0.002 0 0 0 0 0 0 0 0 0 0 0 0 0 0 0 0 0 0 0 0 0 0 0 0 0 0 0 0 0 1 0 0 0.002 1 0.002 0.002 1 0 0 0 0 0 0 0 0 0 0 0 0 0 0 0 0 0 0 0 0 0 0 0 0 0 0 0 0 0 0 1 0 0.002 0.002 1 0.002 1 1 0 0 0 0 0 0 0 0 0 0 0 0 0 0 0 0 0 0 0 0 0 0 0 0 0 0 0 0 0 0 0 1 0.002 0.002 0.002 1 1 1 1 0 0 0 0 0 0 0 0 0 0 0 0 0 0 0 0 0 0 0 0 0 0 0 0 0 0 0 0 0.988 0 0 0 1 0 0 0 1 0.034 0.034 0.034 0 0 0 0 0 0 0 0 0 0 0 0 0 0 0 0 0 0 0 0 0 0 0 0 0 0 0 0 0 0.988 0 0 0 1 0 0 0.034 1 0.034 0.034 1 0 0 0 0 0 0 0 0 0 0 0 0 0 0 0 0 0 0 0 0 0 0 0 0 0 0 0 0 0 0 0.988 0 0 0 1 0 0.034 0.034 1 0.034 1 1 0 0 0 0 0 0 0 0 0 0 0 0 0 0 0 0 0 0 0 0 0 0 0 0 0 0 0 0 0 0 0 0.988 0 0 0 1 0.034 0.034 0.034 1 1 1 1 0 0 0 0 0 0 0 0 0 0 0 0 0 0 0 0 0.108 0 0 0 0 0 0 0 0.068 0 0 0 1 0 0 0 1 0.058 0.058 0.058 1 0.642 0.642 0.642 1 1 1 1 0 0 0 0 0 0 0 0 0 0 0 0 0 0 0 0 0 0.108 0 0 0 0 0 0 0 0.068 0 0 0 1 0 0 0.058 1 0.058 0.058 0.642 1 0.642 0.642 1 1 1 1 1 0 0 0 0 0 0 0 0 0 0 0 0 0 0 0 0 0 0 0.108 0 0 0 0 0 0 0 0.068 0 0 0 1 0 0.058 0.058 1 0.058 0.642 0.642 1 0.642 1 1 1 1 1 1 0 0 0 0 0 0 0 0 0 0 0 0 0 0 0 0 0 0 0 0.108 0 0 0 0 0 0 0 0.068 0 0 0 1 0.058 0.058 0.058 1 0.642 0.642 0.642 1 1 1 1 1 1 1 1 0 0 0 0 0.008 0 0 0 0.704 0 0 0 1 0 0 0 0.002 0 0 0 0.99 0 0 0 1 0 0 0 1 0 0 0 1 0.434 0.434 0.434 1 1 1 1 1 1 1 1 1 1 1 1 0 0 0 0 0 0.008 0 0 0 0.704 0 0 0 1 0 0 0 0.002 0 0 0 0.99 0 0 0 1 0 0 0 1 0 0 0.434 1 0.434 0.434 1 1 1 1 1 1 1 1 1 1 1 1 1 0 0 0 0 0 0 0.008 0 0 0 0.704 0 0 0 1 0 0 0 0.002 0 0 0 0.99 0 0 0 1 0 0 0 1 0 0.434 0.434 1 0.434 1 1 1 1 1 1 1 1 1 1 1 1 1 1 0 0 0 0 0 0 0 0.008 0 0 0 0.704 0 0 0 1 0 0 0 0.002 0 0 0 0.99 0 0 0 1 0 0 0 1 0.434 0.434 0.434 1 1 1 1 1 1 1 1 1 1 1 1 1 1 1 1
set_range IP 0.998 0.998 0.998 0.998 0.998 0.998 0 0 0 0 0 0 0 0 0.996 0 0 0 0 0.996 0.996 0 0 0 0 0.996 0.996 0.996 0 0 0 0 0 0 0 0 0 0 0 0 0 0 0 0 0.998 0 0 0 0 0 0 0 0 0.998 0.998 0 0 0 0 0 0 0 0 0.998 0.998 0.998 0 0 0 0 0 0 0 0 0.928 0 0 0 0 0 0 0 0 0 0 0 0 0.928 0 0 1 0 0 0 0 0 0 0 0 0 0 0.928 0 1 1 0 0 0 0 0 0 0 0 0 0 0 0.928 1 1 1 0 0 0 0 0 0 0 0 0 0 0 0 0.832 0 0 0 0 0 0 0 0 0 0 0 0 0 0 0 0 0.832 0 0 0.978 0 0 0 0 0 0 0 0 0 0 0 0 0 0 0.832 0 0.978 0.978 0 0 0 0 0 0 0 0 0 0 0 0 0 0 0 0.832 0.978 0.978 0.978 0 0 0 0 0 0 0 0 0 0 0 0 0 0 0 0 0.998 0 0 0 0 0 0 0 0 0 0 0 0 0 0 0 0 0 0 0 0 0.998 0 0 0.916 0 0 0 0 0 0 0 0 0 0 0 0 0 0 0 0 0 0 0.998 0 0.916 0.916 0 0 0 0 0 0 0 0 0 0 0 0 0 0 0 0 0 0 0 0.998 0.916 0.916 0.916 0 0 0 0 0 0 0 0 0 0 0 0 0 0 0 0 0.328 0 0 0 0.97 0 0 0 0 0 0 0 0 0 0 0 0 0 0 0 0 0 0 0 0 0.328 0 0 0 0.97 0 0 0.862 0 0 0 0 0 0 0 0 0 0 0 0 0 0 0 0 0 0 0.328 0 0 0 0.97 0 0.862 0.862 0 0 0 0 0 0 0 0 0 0 0 0 0 0 0 0 0 0 0 0.328 0 0 0 0.97 0.862 0.862 0.862 0 0 0 0 0 0 0 0 0 0 0 0 0 0 0 0 0 0 0 0 0.72 0 0 0 0.964 0 0 0 0 0 0 0 0 0 0 0 0 0 0 0 0 0 0 0 0 0 0 0 0 0.72 0 0 0 0.964 0 0 0.954 0 0 0 0 0 0 0 0 0 0 0 0 0 0 0 0 0 0 0 0 0 0 0.72 0 0 0 0.964 0 0.954 0.954 0 0 0 0 0 0 0 0 0 0 0 0 0 0 0 0 0 0 0 0 0 0 0 0.72 0 0 0 0.964 0.954 0.954 0.954 0 0 0 0 0 0 0 0 0 0 0 0 0 0 0 0 0 0 0 0 0.138 0 0 0 0.964 0 0 0 0.896 0 0 0 0 0 0 0 0 0 0 0 0 0 0 0 0 0 0 0 0 0 0 0 0 0.138 0 0 0 0.964 0 0 0 0.896 0 0 0.714 0 0 0 0 0 0 0 0 0 0 0 0 0 0 0 0 0 0 0 0 0 0 0.138 0 0 0 0.964 0 0 0 0.896 0 0.714 0.714 0 0 0 0 0 0 0 0 0 0 0 0 0 0 0 0 0 0 0 0 0 0 0 0.138 0 0 0 0.964 0 0 0 0.896 0.714 0.714 0.714 0 0 0 0 0 0 0 0 0 0 0 0 0 0 0 0 0 0 0 0 0 0 0 0 0.63 0 0 0 0.832 0 0 0 1 0.09 0.09 0.09 0 0 0 0 0 0 0 0 0 0 0 0 0 0 0 0 0 0 0 0 0 0 0 0 0 0.63 0 0 0 0.832 0 0 0.09 1 0.09 0.09 0.564 0 0 0 0 0 0 0 0 0 0 0 0 0 0 0 0 0 0 0 0 0 0 0 0 0 0 0.63 0 0 0 0.832 0 0.09 0.09 1 0.09 0.564 0.564 0 0 0 0 0 0 0 0 0 0 0 0 0 0 0 0 0 0 0 0 0 0 0 0 0 0 0 0.63 0 0 0 0.832 0.09 0.09 0.09 1 0.564 0.564 0.564 0 0 0 0 0 0 0 0 0 0 0 0 0 0 0 0 0 0 0 0 0 0 0 0 0 0 0 0 0.804 0 0 0 1 0.006 0.006 0.006 1 0 0 0 0 0 0 0 0 0 0 0 0 0 0 0 0 0 0 0 0 0 0 0 0 0 0 0 0 0 0 0 0 0.804 0 0 0.006 1 0.006 0.006 0 1 0 0 0.38 0 0 0 0 0 0 0 0 0 0 0 0 0 0 0 0 0 0 0 0 0 0 0 0 0 0 0 0 0 0 0.804 0 0.006 0.006 1 0.006 0 0 1 0 0.38 0.38 0 0 0 0 0 0 0 0 0 0 0 0 0 0 0 0 0 0 0 0 0 0 0 0 0 0 0 0 0 0 0 0.804 0.006 0.006 0.006 1 0 0 0 1 0.38 0.38 0.38 0 0 0 0 0 0 0 0 0 0 0 0 0.002 0 0 0 0.916 0 0 0 0.286 0 0 0 0.55 0 0 0 0.956 0 0 0 1 0 0 0 1 0.376 0.376 0.376 1 0.8 0.8 0.8 0 0 0 0 0 0 0 0 0 0 0 0 0 0.002 0 0 0 0.916 0 0 0 0.286 0 0 0 0.55 0 0 0 0.956 0 0 0 1 0 0 0.376 1 0.376 0.376 0.8 1 0.8 0.8 0 0 0 0 0 0 0 0 0 0 0 0 0 0 0 0.002 0 0 0 0.916 0 0 0 0.286 0 0 0 0.55 0 0 0 0.956 0 0 0 1 0 0.376 0.376 1 0.376 0.8 0.8 1 0.8 0 0 0 0 0 0 0 0 0 0 0 0 0 0 0 0 0 0.002 0 0 0 0.916 0 0 0 0.286 0 0 0 0.55 0 0 0 0.956 0 0 0 1 0.376 0.376 0.376 1 0.8 0.8 0.8 1 0 0 0 0.014 0 0 0 0.996 0 0 0 1 0 0 0 0.998 0 0 0 0.094 0 0 0 0.788 0 0 0 0.712 0 0 0 0.948 0 0 0 1 0.216 0.216 0.216 1 0.692 0.692 0.692 1 0.738 0.738 0.738 0 0.482 0.482 0.482 0 0.014 0 0 0 0.996 0 0 0 1 0 0 0 0.998 0 0 0 0.094 0 0 0 0.788 0 0 0 0.712 0 0 0 0.948 0 0 0.216 1 0.216 0.216 0.692 1 0.692 0.692 0.738 1 0.738 0.738 0.482 0 0.482 0.482 0 0 0 0.014 0 0 0 0.996 0 0 0 1 0 0 0 0.998 0 0 0 0.094 0 0 0 0.788 0 0 0 0.712 0 0 0 0.948 0 0.216 0.216 1 0.216 0.692 0.692 1 0.692 0.738 0.738 1 0.738 0.482 0.482 0 0.482 0 0 0 0 0 0.014 0 0 0 0.996 0 0 0 1 0 0 0 0.998 0 0 0 0.094 0 0 0 0.788 0 0 0 0.712 0 0 0 0.948 0.216 0.216 0.216 1 0.692 0.692 0.692 1 0.738 0.738 0.738 1 0.482 0.482 0.482 0 0 0 0
set_eff_stack 890
set_pot 0 0 230
clear_lines 
add_line 0 0 0 0 0 115 391 890
add_line 0 0 0 0 0 115 890
add_line 0 0 0 0 0 172 516 890
add_line 0 0 0 0 0 172 890
add_line 0 0 0 0 0 230 890
add_line 0 0 0 0 0 58 266 890
add_line 0 0 0 0 0 58 890
add_line 0 0 0 0 0 890
add_line 0 0 0 0 115 391 890
add_line 0 0 0 0 115 890
add_line 0 0 0 0 172 516 890
add_line 0 0 0 0 172 890
add_line 0 0 0 0 230 890
add_line 0 0 0 0 306 890
add_line 0 0 0 0 58 266 890
add_line 0 0 0 0 58 890
add_line 0 0 0 0 890
add_line 0 0 0 154 154 154 288 890
add_line 0 0 0 154 154 154 423 890
add_line 0 0 0 154 154 154 558 890
add_line 0 0 0 154 154 154 890
add_line 0 0 0 154 154 890
add_line 0 0 0 154 477 477 477 890
add_line 0 0 0 154 477 477 890
add_line 0 0 0 154 477 890
add_line 0 0 0 154 890
add_line 0 0 0 69 290 290 290 492 890
add_line 0 0 0 69 290 290 290 890
add_line 0 0 0 69 290 290 492 890
add_line 0 0 0 69 290 290 890
add_line 0 0 0 69 290 890
add_line 0 0 0 69 69 69 161 492 890
add_line 0 0 0 69 69 69 161 890
add_line 0 0 0 69 69 69 253 890
add_line 0 0 0 69 69 69 345 890
add_line 0 0 0 69 69 69 437 890
add_line 0 0 0 69 69 69 890
add_line 0 0 0 69 69 890
add_line 0 0 0 69 890
add_line 0 0 0 890
add_line 0 0 154 154 154 288 890
add_line 0 0 154 154 154 423 890
add_line 0 0 154 154 154 558 890
add_line 0 0 154 154 154 890
add_line 0 0 154 154 288 890
add_line 0 0 154 154 423 890
add_line 0 0 154 154 558 890
add_line 0 0 154 154 890
add_line 0 0 154 477 477 477 890
add_line 0 0 154 477 477 890
add_line 0 0 154 477 890
add_line 0 0 154 890
add_line 0 0 306 306 306 516 890
add_line 0 0 306 306 306 890
add_line 0 0 306 306 516 890
add_line 0 0 306 306 890
add_line 0 0 306 890
add_line 0 0 69 290 290 290 492 890
add_line 0 0 69 290 290 290 890
add_line 0 0 69 290 290 890
add_line 0 0 69 290 890
add_line 0 0 69 69 161 492 890
add_line 0 0 69 69 161 890
add_line 0 0 69 69 253 890
add_line 0 0 69 69 345 890
add_line 0 0 69 69 437 890
add_line 0 0 69 69 558 890
add_line 0 0 69 69 69 161 492 890
add_line 0 0 69 69 69 161 890
add_line 0 0 69 69 69 253 890
add_line 0 0 69 69 69 345 890
add_line 0 0 69 69 69 437 890
add_line 0 0 69 69 69 890
add_line 0 0 69 69 890
add_line 0 0 69 890
add_line 0 0 890
add_line 0 115 115 115 115 115 230 890
add_line 0 115 115 115 115 115 345 890
add_line 0 115 115 115 115 115 460 890
add_line 0 115 115 115 115 115 575 890
add_line 0 115 115 115 115 115 890
add_line 0 115 115 115 115 230 890
add_line 0 115 115 115 115 345 890
add_line 0 115 115 115 115 460 890
add_line 0 115 115 115 115 575 890
add_line 0 115 115 115 115 890
add_line 0 115 115 115 253 253 253 437 890
add_line 0 115 115 115 253 253 253 890
add_line 0 115 115 115 253 253 890
add_line 0 115 115 115 253 890
add_line 0 115 115 115 423 423 423 890
add_line 0 115 115 115 423 423 890
add_line 0 115 115 115 423 890
add_line 0 115 115 115 890
add_line 0 115 253 253 253 253 253 437 890
add_line 0 115 253 253 253 253 253 890
add_line 0 115 253 253 253 253 437 890
add_line 0 115 253 253 253 253 890
add_line 0 115 253 253 253 474 474 474 890
add_line 0 115 253 253 253 474 474 890
add_line 0 115 253 253 253 474 890
add_line 0 115 253 253 253 890
add_line 0 115 253 253 474 474 474 890
add_line 0 115 253 253 474 474 890
add_line 0 115 253 253 474 890
add_line 0 115 253 253 890
add_line 0 115 253 474 474 474 474 474 890
add_line 0 115 253 474 474 474 474 890
add_line 0 115 253 474 474 474 890
add_line 0 115 253 474 890
add_line 0 115 253 890
add_line 0 115 391 391 391 391 391 890
add_line 0 115 391 391 391 391 890
add_line 0 115 391 391 391 890
add_line 0 115 391 391 890
add_line 0 115 391 890
add_line 0 115 890
add_line 0 172 172 172 172 172 316 890
add_line 0 172 172 172 172 172 459 890
add_line 0 172 172 172 172 172 890
add_line 0 172 172 172 172 316 890
add_line 0 172 172 172 172 459 890
add_line 0 172 172 172 172 890
add_line 0 172 172 172 344 344 344 574 890
add_line 0 172 172 172 344 344 344 890
add_line 0 172 172 172 344 344 890
add_line 0 172 172 172 344 890
add_line 0 172 172 172 557 557 557 890
add_line 0 172 172 172 557 557 890
add_line 0 172 172 172 557 890
add_line 0 172 172 172 890
add_line 0 172 344 344 344 344 344 574 890
add_line 0 172 344 344 344 344 344 890
add_line 0 172 344 344 344 344 574 890
add_line 0 172 344 344 344 344 890
add_line 0 172 344 344 344 890
add_line 0 172 344 344 890
add_line 0 172 344 890
add_line 0 172 516 516 516 516 516 890
add_line 0 172 516 516 516 516 890
add_line 0 172 516 516 516 890
add_line 0 172 516 516 890
add_line 0 172 516 890
add_line 0 172 890
add_line 0 58 162 162 162 162 162 300 890
add_line 0 58 162 162 162 162 162 439 890
add_line 0 58 162 162 162 162 162 578 890
add_line 0 58 162 162 162 162 162 890
add_line 0 58 162 162 162 162 300 890
add_line 0 58 162 162 162 162 439 890
add_line 0 58 162 162 162 162 578 890
add_line 0 58 162 162 162 162 890
add_line 0 58 162 162 162 328 328 328 550 890
add_line 0 58 162 162 162 328 328 328 890
add_line 0 58 162 162 162 328 328 890
add_line 0 58 162 162 162 328 890
add_line 0 58 162 162 162 533 533 533 890
add_line 0 58 162 162 162 533 533 890
add_line 0 58 162 162 162 533 890
add_line 0 58 162 162 162 890
add_line 0 58 162 162 328 328 328 550 890
add_line 0 58 162 162 328 328 328 890
add_line 0 58 162 162 328 328 550 890
add_line 0 58 162 162 328 328 890
add_line 0 58 162 162 328 890
add_line 0 58 162 162 533 533 533 890
add_line 0 58 162 162 533 533 890
add_line 0 58 162 162 533 890
add_line 0 58 162 162 890
add_line 0 58 162 328 328 328 328 328 550 890
add_line 0 58 162 328 328 328 328 328 890
add_line 0 58 162 328 328 328 328 550 890
add_line 0 58 162 328 328 328 328 890
add_line 0 58 162 328 328 328 594 594 594 890
add_line 0 58 162 328 328 328 594 594 890
add_line 0 58 162 328 328 328 594 890
add_line 0 58 162 328 328 328 890
add_line 0 58 162 328 594 594 594 594 594 890
add_line 0 58 162 328 594 594 594 594 890
add_line 0 58 162 328 594 594 594 890
add_line 0 58 162 328 594 594 890
add_line 0 58 162 328 594 890
add_line 0 58 162 328 890
add_line 0 58 162 494 494 494 494 494 890
add_line 0 58 162 494 494 494 494 890
add_line 0 58 162 494 494 494 890
add_line 0 58 162 494 890
add_line 0 58 266 266 266 266 266 456 890
add_line 0 58 266 266 266 266 266 890
add_line 0 58 266 266 266 266 456 890
add_line 0 58 266 266 266 266 890
add_line 0 58 266 266 266 495 495 495 890
add_line 0 58 266 266 266 495 495 890
add_line 0 58 266 266 266 495 890
add_line 0 58 266 266 266 890
add_line 0 58 266 266 495 495 495 890
add_line 0 58 266 266 495 495 890
add_line 0 58 266 266 495 890
add_line 0 58 266 266 890
add_line 0 58 266 495 495 495 495 495 890
add_line 0 58 266 495 495 495 495 890
add_line 0 58 266 495 495 495 890
add_line 0 58 266 495 890
add_line 0 58 266 890
add_line 0 58 58 58 162 162 162 300 890
add_line 0 58 58 58 162 162 162 439 890
add_line 0 58 58 58 162 162 162 578 890
add_line 0 58 58 58 162 162 162 890
add_line 0 58 58 58 162 162 890
add_line 0 58 58 58 162 494 494 494 890
add_line 0 58 58 58 162 494 494 890
add_line 0 58 58 58 162 494 890
add_line 0 58 58 58 162 890
add_line 0 58 58 58 290 290 290 492 890
add_line 0 58 58 58 290 290 290 890
add_line 0 58 58 58 290 290 890
add_line 0 58 58 58 290 890
add_line 0 58 58 58 58 144 455 890
add_line 0 58 58 58 58 144 890
add_line 0 58 58 58 58 231 890
add_line 0 58 58 58 58 318 890
add_line 0 58 58 58 58 404 890
add_line 0 58 58 58 58 518 890
add_line 0 58 58 58 58 58 144 455 890
add_line 0 58 58 58 58 58 144 890
add_line 0 58 58 58 58 58 231 890
add_line 0 58 58 58 58 58 318 890
add_line 0 58 58 58 58 58 404 890
add_line 0 58 58 58 58 58 890
add_line 0 58 58 58 58 890
add_line 0 58 58 58 890
add_line 0 58 890
add_line 115 115 115 115 115 230 890
add_line 115 115 115 115 115 345 890
add_line 115 115 115 115 115 460 890
add_line 115 115 115 115 115 575 890
add_line 115 115 115 115 115 890
add_line 115 115 115 115 230 890
add_line 115 115 115 115 345 890
add_line 115 115 115 115 460 890
add_line 115 115 115 115 575 890
add_line 115 115 115 115 890
add_line 115 115 115 253 253 253 437 890
add_line 115 115 115 253 253 253 890
add_line 115 115 115 253 253 890
add_line 115 115 115 253 890
add_line 115 115 115 423 423 423 890
add_line 115 115 115 423 423 890
add_line 115 115 115 423 890
add_line 115 115 115 890
add_line 115 115 253 253 253 437 890
add_line 115 115 253 253 253 890
add_line 115 115 253 253 437 890
add_line 115 115 253 253 890
add_line 115 115 253 890
add_line 115 115 423 423 423 890
add_line 115 115 423 423 890
add_line 115 115 423 890
add_line 115 115 890
add_line 115 253 253 253 253 253 437 890
add_line 115 253 253 253 253 253 890
add_line 115 253 253 253 253 437 890
add_line 115 253 253 253 253 890
add_line 115 253 253 253 474 474 474 890
add_line 115 253 253 253 474 474 890
add_line 115 253 253 253 474 890
add_line 115 253 253 253 890
add_line 115 253 474 474 474 474 474 890
add_line 115 253 474 474 474 474 890
add_line 115 253 474 474 474 890
add_line 115 253 474 474 890
add_line 115 253 474 890
add_line 115 253 890
add_line 115 391 391 391 391 391 890
add_line 115 391 391 391 391 890
add_line 115 391 391 391 890
add_line 115 391 890
add_line 172 172 172 172 172 316 890
add_line 172 172 172 172 172 459 890
add_line 172 172 172 172 172 890
add_line 172 172 172 172 316 890
add_line 172 172 172 172 459 890
add_line 172 172 172 172 890
add_line 172 172 172 344 344 344 574 890
add_line 172 172 172 344 344 344 890
add_line 172 172 172 344 344 890
add_line 172 172 172 344 890
add_line 172 172 172 557 557 557 890
add_line 172 172 172 557 557 890
add_line 172 172 172 557 890
add_line 172 172 172 890
add_line 172 172 344 344 344 574 890
add_line 172 172 344 344 344 890
add_line 172 172 344 344 574 890
add_line 172 172 344 344 890
add_line 172 172 344 890
add_line 172 172 557 557 557 890
add_line 172 172 557 557 890
add_line 172 172 557 890
add_line 172 172 890
add_line 172 344 344 344 344 344 574 890
add_line 172 344 344 344 344 344 890
add_line 172 344 344 344 344 574 890
add_line 172 344 344 344 344 890
add_line 172 344 344 344 890
add_line 172 344 890
add_line 172 516 516 516 516 516 890
add_line 172 516 516 516 516 890
add_line 172 516 516 516 890
add_line 172 516 890
add_line 230 230 230 230 230 402 890
add_line 230 230 230 230 230 575 890
add_line 230 230 230 230 230 890
add_line 230 230 230 230 402 890
add_line 230 230 230 230 575 890
add_line 230 230 230 230 890
add_line 230 230 230 437 437 437 890
add_line 230 230 230 437 437 890
add_line 230 230 230 437 890
add_line 230 230 230 890
add_line 230 230 437 437 437 890
add_line 230 230 437 437 890
add_line 230 230 437 890
add_line 230 230 890
add_line 230 460 460 460 460 460 890
add_line 230 460 460 460 460 890
add_line 230 460 460 460 890
add_line 230 460 890
add_line 230 890
add_line 69 179 179 179 179 179 326 890
add_line 69 179 179 179 179 179 473 890
add_line 69 179 179 179 179 179 890
add_line 69 179 179 179 179 326 890
add_line 69 179 179 179 179 473 890
add_line 69 179 179 179 179 890
add_line 69 179 179 179 355 355 355 590 890
add_line 69 179 179 179 355 355 355 890
add_line 69 179 179 179 355 355 890
add_line 69 179 179 179 355 890
add_line 69 179 179 179 573 573 573 890
add_line 69 179 179 179 573 573 890
add_line 69 179 179 179 573 890
add_line 69 179 179 179 890
add_line 69 179 355 355 355 355 355 590 890
add_line 69 179 355 355 355 355 355 890
add_line 69 179 355 355 355 355 590 890
add_line 69 179 355 355 355 355 890
add_line 69 179 355 355 355 890
add_line 69 179 355 355 890
add_line 69 179 355 890
add_line 69 179 532 532 532 532 532 890
add_line 69 179 532 532 532 532 890
add_line 69 179 532 532 532 890
add_line 69 179 532 532 890
add_line 69 179 532 890
add_line 69 179 890
add_line 69 290 290 290 290 290 492 890
add_line 69 290 290 290 290 290 890
add_line 69 290 290 290 290 492 890
add_line 69 290 290 290 290 890
add_line 69 290 290 290 533 533 533 890
add_line 69 290 290 290 533 533 890
add_line 69 290 290 290 533 890
add_line 69 290 290 290 890
add_line 69 290 533 533 533 533 533 890
add_line 69 290 533 533 533 533 890
add_line 69 290 533 533 533 890
add_line 69 290 533 533 890
add_line 69 290 533 890
add_line 69 290 890
add_line 69 69 179 179 179 326 890
add_line 69 69 179 179 179 473 890
add_line 69 69 179 179 179 890
add_line 69 69 179 179 326 890
add_line 69 69 179 179 473 890
add_line 69 69 179 179 890
add_line 69 69 179 532 532 532 890
add_line 69 69 179 532 532 890
add_line 69 69 179 532 890
add_line 69 69 179 890
add_line 69 69 316 316 316 532 890
add_line 69 69 316 316 316 890
add_line 69 69 316 316 532 890
add_line 69 69 316 316 890
add_line 69 69 316 890
add_line 69 69 558 558 558 890
add_line 69 69 558 558 890
add_line 69 69 558 890
add_line 69 69 69 179 179 179 326 890
add_line 69 69 69 179 179 179 473 890
add_line 69 69 69 179 179 179 890
add_line 69 69 69 179 179 890
add_line 69 69 69 179 532 532 532 890
add_line 69 69 69 179 532 532 890
add_line 69 69 69 179 532 890
add_line 69 69 69 179 890
add_line 69 69 69 316 316 316 532 890
add_line 69 69 69 316 316 316 890
add_line 69 69 69 316 316 890
add_line 69 69 69 316 890
add_line 69 69 69 69 161 492 890
add_line 69 69 69 69 161 890
add_line 69 69 69 69 253 890
add_line 69 69 69 69 345 890
add_line 69 69 69 69 437 890
add_line 69 69 69 69 558 890
add_line 69 69 69 69 69 161 492 890
add_line 69 69 69 69 69 161 890
add_line 69 69 69 69 69 253 890
add_line 69 69 69 69 69 345 890
add_line 69 69 69 69 69 437 890
add_line 69 69 69 69 69 890
add_line 69 69 69 69 890
add_line 69 69 69 890
add_line 69 69 890
