reset_tree_info
add_info_line "#Type#NoLimit"
add_info_line "#Range0#JJ:0.200000003,TT:0.310000002,99:0.691999972,88:0.69599998,77:0.75,66:0.610000014,55:0.43599999,44:0.416000009,33:0.425999999,22:0.419999987,AKo:0.108000003,AQs:0.995999992,AQo:0.145999998,AJs:0.995999992,ATs:0.495999992,A9s:0.568000019,A8s:0.158000007,A5s:0.555999994,A4s:0.310000002,A3s:0.0719999969,KQs:0.916000009,KQo:0.0659999996,KJs:0.305999994,KTs:0.266000003,K9s:0.356000006,K6s:0.0780000016,QJs:0.635999978,QTs:0.617999971,JTs:0.684000015,J9s:0.0799999982,T9s:0.404000014,T8s:0.0759999976,98s:0.319999993,97s:0.0500000007,87s:0.365999997,86s:0.0219999999,76s:0.374000013,65s:0.330000013,54s:0.35800001"
add_info_line "#Range1#AA,KK,QQ:0.998000026,JJ:0.824000001,TT:0.624000013,99:0.558000028,88:0.497999996,77:0.477999985,66:0.492000014,55:0.393999994,44:0.208000004,33:0.186000004,22:0.148000002,AKs,AKo:0.967999995,AQs:0.889999986,AQo:0.646000028,AJs:0.561999977,AJo:0.713999987,ATs:0.389999986,ATo:0.634000003,A9s:0.611999989,A8s:0.684000015,A7s:0.741999984,A6s:0.200000003,A5s:0.560000002,A4s:0.56400001,A3s:0.634000003,KQs:0.638000011,KQo:0.670000017,KJs:0.694000006,KJo:0.536000013,KTs:0.601999998,K9s:0.646000028,QJs:0.481999993,QTs:0.430000007,Q9s:0.864000022,JTs:0.588,J9s:0.477999985,T9s:0.49000001"
add_info_line "#Rake.Enabled#True"
add_info_line "#Rake.Fraction#0.05"
add_info_line "#Rake.Cap#6"
add_info_line "#Board#Qs Qd Tc"
add_info_line "#Pot#185"
add_info_line "#EffectiveStacks#910"
add_info_line "#AllinThreshold#67"
add_info_line "#AddAllinOnlyIfLessThanThisTimesThePot#500"
add_info_line "#CapEnabled#True"
add_info_line "#CapPerStreet#5\n5\n5"
add_info_line "#CapMode#NoLimit"
add_info_line "#FlopConfig.RaiseSize#30, 60, a"
add_info_line "#TurnConfig.BetSize#30, 75, 133"
add_info_line "#TurnConfig.RaiseSize#60, a"
add_info_line "#TurnConfig.AddAllin#True"
add_info_line "#RiverConfig.BetSize#25, 50, 75, 100, 133, a"
add_info_line "#RiverConfig.RaiseSize#60, a"
add_info_line "#RiverConfig.AddAllin#True"
add_info_line "#RiverConfig.DonkBetSize#a"
add_info_line "#FlopConfigIP.BetSize#20, 30, 50, 75"
add_info_line "#FlopConfigIP.RaiseSize#2x, a"
add_info_line "#TurnConfigIP.BetSize#30, 67, a"
add_info_line "#TurnConfigIP.RaiseSize#60, a"
add_info_line "#TurnConfigIP.AddAllin#True"
add_info_line "#RiverConfigIP.BetSize#25, 50, 75, 100, a"
add_info_line "#RiverConfigIP.RaiseSize#60, a"
add_info_line "#RiverConfigIP.AddAllin#True"
set_accuracy 0.925000
set_range OOP 0.419999987 0.419999987 0.419999987 0.419999987 0.419999987 0.419999987 0 0 0 0 0 0 0 0 0.425999999 0 0 0 0 0.425999999 0.425999999 0 0 0 0 0.425999999 0.425999999 0.425999999 0 0 0 0 0 0 0 0 0 0 0 0 0 0 0 0 0.416000009 0 0 0 0 0 0 0 0 0.416000009 0.416000009 0 0 0 0 0 0 0 0 0.416000009 0.416000009 0.416000009 0 0 0 0 0 0 0 0 0.35800001 0 0 0 0 0 0 0 0 0 0 0 0 0.35800001 0 0 0.43599999 0 0 0 0 0 0 0 0 0 0 0.35800001 0 0.43599999 0.43599999 0 0 0 0 0 0 0 0 0 0 0 0.35800001 0.43599999 0.43599999 0.43599999 0 0 0 0 0 0 0 0 0 0 0 0 0.330000013 0 0 0 0 0 0 0 0 0 0 0 0 0 0 0 0 0.330000013 0 0 0.610000014 0 0 0 0 0 0 0 0 0 0 0 0 0 0 0.330000013 0 0.610000014 0.610000014 0 0 0 0 0 0 0 0 0 0 0 0 0 0 0 0.330000013 0.610000014 0.610000014 0.610000014 0 0 0 0 0 0 0 0 0 0 0 0 0 0 0 0 0.374000013 0 0 0 0 0 0 0 0 0 0 0 0 0 0 0 0 0 0 0 0 0.374000013 0 0 0.75 0 0 0 0 0 0 0 0 0 0 0 0 0 0 0 0 0 0 0.374000013 0 0.75 0.75 0 0 0 0 0 0 0 0 0 0 0 0 0 0 0 0 0 0 0 0.374000013 0.75 0.75 0.75 0 0 0 0 0 0 0 0 0 0 0 0 0 0 0 0 0.0219999999 0 0 0 0.365999997 0 0 0 0 0 0 0 0 0 0 0 0 0 0 0 0 0 0 0 0 0.0219999999 0 0 0 0.365999997 0 0 0.69599998 0 0 0 0 0 0 0 0 0 0 0 0 0 0 0 0 0 0 0.0219999999 0 0 0 0.365999997 0 0.69599998 0.69599998 0 0 0 0 0 0 0 0 0 0 0 0 0 0 0 0 0 0 0 0.0219999999 0 0 0 0.365999997 0.69599998 0.69599998 0.69599998 0 0 0 0 0 0 0 0 0 0 0 0 0 0 0 0 0 0 0 0 0.0500000007 0 0 0 0.319999993 0 0 0 0 0 0 0 0 0 0 0 0 0 0 0 0 0 0 0 0 0 0 0 0 0.0500000007 0 0 0 0.319999993 0 0 0.691999972 0 0 0 0 0 0 0 0 0 0 0 0 0 0 0 0 0 0 0 0 0 0 0.0500000007 0 0 0 0.319999993 0 0.691999972 0.691999972 0 0 0 0 0 0 0 0 0 0 0 0 0 0 0 0 0 0 0 0 0 0 0 0.0500000007 0 0 0 0.319999993 0.691999972 0.691999972 0.691999972 0 0 0 0 0 0 0 0 0 0 0 0 0 0 0 0 0 0 0 0 0 0 0 0 0.0759999976 0 0 0 0.404000014 0 0 0 0 0 0 0 0 0 0 0 0 0 0 0 0 0 0 0 0 0 0 0 0 0 0 0 0 0.0759999976 0 0 0 0.404000014 0 0 0.310000002 0 0 0 0 0 0 0 0 0 0 0 0 0 0 0 0 0 0 0 0 0 0 0 0 0 0 0.0759999976 0 0 0 0.404000014 0 0.310000002 0.310000002 0 0 0 0 0 0 0 0 0 0 0 0 0 0 0 0 0 0 0 0 0 0 0 0 0 0 0 0.0759999976 0 0 0 0.404000014 0.310000002 0.310000002 0.310000002 0 0 0 0 0 0 0 0 0 0 0 0 0 0 0 0 0 0 0 0 0 0 0 0 0 0 0 0 0.0799999982 0 0 0 0.684000015 0 0 0 0 0 0 0 0 0 0 0 0 0 0 0 0 0 0 0 0 0 0 0 0 0 0 0 0 0 0 0 0 0.0799999982 0 0 0 0.684000015 0 0 0.200000003 0 0 0 0 0 0 0 0 0 0 0 0 0 0 0 0 0 0 0 0 0 0 0 0 0 0 0 0 0 0 0.0799999982 0 0 0 0.684000015 0 0.200000003 0.200000003 0 0 0 0 0 0 0 0 0 0 0 0 0 0 0 0 0 0 0 0 0 0 0 0 0 0 0 0 0 0 0 0.0799999982 0 0 0 0.684000015 0.200000003 0.200000003 0.200000003 0 0 0 0 0 0 0 0 0 0 0 0 0 0 0 0 0 0 0 0 0 0 0 0 0 0 0 0 0 0 0 0 0.617999971 0 0 0 0.635999978 0 0 0 0 0 0 0 0 0 0 0 0 0 0 0 0 0 0 0 0 0 0 0 0 0 0 0 0 0 0 0 0 0 0 0 0 0.617999971 0 0 0 0.635999978 0 0 0 0 0 0 0 0 0 0 0 0 0 0 0 0 0 0 0 0 0 0 0 0 0 0 0 0 0 0 0 0 0 0 0 0 0 0.617999971 0 0 0 0.635999978 0 0 0 0 0 0 0 0 0 0 0 0 0 0 0 0 0 0 0 0 0 0 0 0 0 0 0 0 0 0 0 0 0 0 0 0 0 0 0.617999971 0 0 0 0.635999978 0 0 0 0 0 0 0 0 0 0 0 0 0 0 0 0 0 0 0 0.0780000016 0 0 0 0 0 0 0 0 0 0 0 0.356000006 0 0 0 0.266000003 0 0 0 0.305999994 0 0 0 0.916000009 0.0659999996 0.0659999996 0.0659999996 0 0 0 0 0 0 0 0 0 0 0 0 0 0 0 0 0 0.0780000016 0 0 0 0 0 0 0 0 0 0 0 0.356000006 0 0 0 0.266000003 0 0 0 0.305999994 0 0 0.0659999996 0.916000009 0.0659999996 0.0659999996 0 0 0 0 0 0 0 0 0 0 0 0 0 0 0 0 0 0 0 0.0780000016 0 0 0 0 0 0 0 0 0 0 0 0.356000006 0 0 0 0.266000003 0 0 0 0.305999994 0 0.0659999996 0.0659999996 0.916000009 0.0659999996 0 0 0 0 0 0 0 0 0 0 0 0 0 0 0 0 0 0 0 0 0 0.0780000016 0 0 0 0 0 0 0 0 0 0 0 0.356000006 0 0 0 0.266000003 0 0 0 0.305999994 0.0659999996 0.0659999996 0.0659999996 0.916000009 0 0 0 0 0 0 0 0.0719999969 0 0 0 0.310000002 0 0 0 0.555999994 0 0 0 0 0 0 0 0 0 0 0 0.158000007 0 0 0 0.568000019 0 0 0 0.495999992 0 0 0 0.995999992 0 0 0 0.995999992 0.145999998 0.145999998 0.145999998 0 0.108000003 0.108000003 0.108000003 0 0 0 0 0 0.0719999969 0 0 0 0.310000002 0 0 0 0.555999994 0 0 0 0 0 0 0 0 0 0 0 0.158000007 0 0 0 0.568000019 0 0 0 0.495999992 0 0 0 0.995999992 0 0 0.145999998 0.995999992 0.145999998 0.145999998 0.108000003 0 0.108000003 0.108000003 0 0 0 0 0 0 0 0.0719999969 0 0 0 0.310000002 0 0 0 0.555999994 0 0 0 0 0 0 0 0 0 0 0 0.158000007 0 0 0 0.568000019 0 0 0 0.495999992 0 0 0 0.995999992 0 0.145999998 0.145999998 0.995999992 0.145999998 0.108000003 0.108000003 0 0.108000003 0 0 0 0 0 0 0 0 0 0.0719999969 0 0 0 0.310000002 0 0 0 0.555999994 0 0 0 0 0 0 0 0 0 0 0 0.158000007 0 0 0 0.568000019 0 0 0 0.495999992 0 0 0 0.995999992 0.145999998 0.145999998 0.145999998 0.995999992 0.108000003 0.108000003 0.108000003 0 0 0 0
set_range IP 0.148000002 0.148000002 0.148000002 0.148000002 0.148000002 0.148000002 0 0 0 0 0 0 0 0 0.186000004 0 0 0 0 0.186000004 0.186000004 0 0 0 0 0.186000004 0.186000004 0.186000004 0 0 0 0 0 0 0 0 0 0 0 0 0 0 0 0 0.208000004 0 0 0 0 0 0 0 0 0.208000004 0.208000004 0 0 0 0 0 0 0 0 0.208000004 0.208000004 0.208000004 0 0 0 0 0 0 0 0 0 0 0 0 0 0 0 0 0 0 0 0 0 0 0 0 0.393999994 0 0 0 0 0 0 0 0 0 0 0 0 0.393999994 0.393999994 0 0 0 0 0 0 0 0 0 0 0 0 0.393999994 0.393999994 0.393999994 0 0 0 0 0 0 0 0 0 0 0 0 0 0 0 0 0 0 0 0 0 0 0 0 0 0 0 0 0 0 0 0 0.492000014 0 0 0 0 0 0 0 0 0 0 0 0 0 0 0 0 0.492000014 0.492000014 0 0 0 0 0 0 0 0 0 0 0 0 0 0 0 0 0.492000014 0.492000014 0.492000014 0 0 0 0 0 0 0 0 0 0 0 0 0 0 0 0 0 0 0 0 0 0 0 0 0 0 0 0 0 0 0 0 0 0 0 0 0 0 0 0 0.477999985 0 0 0 0 0 0 0 0 0 0 0 0 0 0 0 0 0 0 0 0 0.477999985 0.477999985 0 0 0 0 0 0 0 0 0 0 0 0 0 0 0 0 0 0 0 0 0.477999985 0.477999985 0.477999985 0 0 0 0 0 0 0 0 0 0 0 0 0 0 0 0 0 0 0 0 0 0 0 0 0 0 0 0 0 0 0 0 0 0 0 0 0 0 0 0 0 0 0 0 0 0 0 0 0.497999996 0 0 0 0 0 0 0 0 0 0 0 0 0 0 0 0 0 0 0 0 0 0 0 0 0.497999996 0.497999996 0 0 0 0 0 0 0 0 0 0 0 0 0 0 0 0 0 0 0 0 0 0 0 0 0.497999996 0.497999996 0.497999996 0 0 0 0 0 0 0 0 0 0 0 0 0 0 0 0 0 0 0 0 0 0 0 0 0 0 0 0 0 0 0 0 0 0 0 0 0 0 0 0 0 0 0 0 0 0 0 0 0 0 0 0 0 0 0 0 0.558000028 0 0 0 0 0 0 0 0 0 0 0 0 0 0 0 0 0 0 0 0 0 0 0 0 0 0 0 0 0.558000028 0.558000028 0 0 0 0 0 0 0 0 0 0 0 0 0 0 0 0 0 0 0 0 0 0 0 0 0 0 0 0 0.558000028 0.558000028 0.558000028 0 0 0 0 0 0 0 0 0 0 0 0 0 0 0 0 0 0 0 0 0 0 0 0 0 0 0 0 0.49000001 0 0 0 0 0 0 0 0 0 0 0 0 0 0 0 0 0 0 0 0 0 0 0 0 0 0 0 0 0 0 0 0 0.49000001 0 0 0.624000013 0 0 0 0 0 0 0 0 0 0 0 0 0 0 0 0 0 0 0 0 0 0 0 0 0 0 0 0 0 0 0.49000001 0 0.624000013 0.624000013 0 0 0 0 0 0 0 0 0 0 0 0 0 0 0 0 0 0 0 0 0 0 0 0 0 0 0 0 0 0 0 0.49000001 0.624000013 0.624000013 0.624000013 0 0 0 0 0 0 0 0 0 0 0 0 0 0 0 0 0 0 0 0 0 0 0 0 0 0 0 0 0.477999985 0 0 0 0.588 0 0 0 0 0 0 0 0 0 0 0 0 0 0 0 0 0 0 0 0 0 0 0 0 0 0 0 0 0 0 0 0 0.477999985 0 0 0 0.588 0 0 0.824000001 0 0 0 0 0 0 0 0 0 0 0 0 0 0 0 0 0 0 0 0 0 0 0 0 0 0 0 0 0 0 0.477999985 0 0 0 0.588 0 0.824000001 0.824000001 0 0 0 0 0 0 0 0 0 0 0 0 0 0 0 0 0 0 0 0 0 0 0 0 0 0 0 0 0 0 0 0.477999985 0 0 0 0.588 0.824000001 0.824000001 0.824000001 0 0 0 0 0 0 0 0 0 0 0 0 0 0 0 0 0 0 0 0 0 0 0 0 0 0 0 0 0.864000022 0 0 0 0.430000007 0 0 0 0.481999993 0 0 0 0 0 0 0 0 0 0 0 0 0 0 0 0 0 0 0 0 0 0 0 0 0 0 0 0 0 0 0 0 0.864000022 0 0 0 0.430000007 0 0 0 0.481999993 0 0 0.998000026 0 0 0 0 0 0 0 0 0 0 0 0 0 0 0 0 0 0 0 0 0 0 0 0 0 0 0 0 0 0 0.864000022 0 0 0 0.430000007 0 0 0 0.481999993 0 0.998000026 0.998000026 0 0 0 0 0 0 0 0 0 0 0 0 0 0 0 0 0 0 0 0 0 0 0 0 0 0 0 0 0 0 0 0.864000022 0 0 0 0.430000007 0 0 0 0.481999993 0.998000026 0.998000026 0.998000026 0 0 0 0 0 0 0 0 0 0 0 0 0 0 0 0 0 0 0 0 0 0 0 0 0 0 0 0 0.646000028 0 0 0 0.601999998 0 0 0 0.694000006 0.536000013 0.536000013 0.536000013 0.638000011 0.670000017 0.670000017 0.670000017 0 0 0 0 0 0 0 0 0 0 0 0 0 0 0 0 0 0 0 0 0 0 0 0 0 0 0 0 0 0.646000028 0 0 0 0.601999998 0 0 0.536000013 0.694000006 0.536000013 0.536000013 0.670000017 0.638000011 0.670000017 0.670000017 1 0 0 0 0 0 0 0 0 0 0 0 0 0 0 0 0 0 0 0 0 0 0 0 0 0 0 0 0 0 0 0.646000028 0 0 0 0.601999998 0 0.536000013 0.536000013 0.694000006 0.536000013 0.670000017 0.670000017 0.638000011 0.670000017 1 1 0 0 0 0 0 0 0 0 0 0 0 0 0 0 0 0 0 0 0 0 0 0 0 0 0 0 0 0 0 0 0 0.646000028 0 0 0 0.601999998 0.536000013 0.536000013 0.536000013 0.694000006 0.670000017 0.670000017 0.670000017 0.638000011 1 1 1 0 0 0 0 0.634000003 0 0 0 0.56400001 0 0 0 0.560000002 0 0 0 0.200000003 0 0 0 0.741999984 0 0 0 0.684000015 0 0 0 0.611999989 0 0 0 0.389999986 0.634000003 0.634000003 0.634000003 0.561999977 0.713999987 0.713999987 0.713999987 0.889999986 0.646000028 0.646000028 0.646000028 1 0.967999995 0.967999995 0.967999995 0 0 0 0 0 0.634000003 0 0 0 0.56400001 0 0 0 0.560000002 0 0 0 0.200000003 0 0 0 0.741999984 0 0 0 0.684000015 0 0 0 0.611999989 0 0 0.634000003 0.389999986 0.634000003 0.634000003 0.713999987 0.561999977 0.713999987 0.713999987 0.646000028 0.889999986 0.646000028 0.646000028 0.967999995 1 0.967999995 0.967999995 1 0 0 0 0 0 0 0.634000003 0 0 0 0.56400001 0 0 0 0.560000002 0 0 0 0.200000003 0 0 0 0.741999984 0 0 0 0.684000015 0 0 0 0.611999989 0 0.634000003 0.634000003 0.389999986 0.634000003 0.713999987 0.713999987 0.561999977 0.713999987 0.646000028 0.646000028 0.889999986 0.646000028 0.967999995 0.967999995 1 0.967999995 1 1 0 0 0 0 0 0 0 0.634000003 0 0 0 0.56400001 0 0 0 0.560000002 0 0 0 0.200000003 0 0 0 0.741999984 0 0 0 0.684000015 0 0 0 0.611999989 0.634000003 0.634000003 0.634000003 0.389999986 0.713999987 0.713999987 0.713999987 0.561999977 0.646000028 0.646000028 0.646000028 0.889999986 0.967999995 0.967999995 0.967999995 1 1 1 1
set_eff_stack 910
set_pot 0 0 185
clear_lines 
add_line 0 0 0 0 0 139 417 910
add_line 0 0 0 0 0 139 910
add_line 0 0 0 0 0 185 518 910
add_line 0 0 0 0 0 185 910
add_line 0 0 0 0 0 46 212 577 910
add_line 0 0 0 0 0 46 212 910
add_line 0 0 0 0 0 46 910
add_line 0 0 0 0 0 910
add_line 0 0 0 0 0 92 313 910
add_line 0 0 0 0 0 92 910
add_line 0 0 0 0 139 417 910
add_line 0 0 0 0 139 910
add_line 0 0 0 0 185 518 910
add_line 0 0 0 0 185 910
add_line 0 0 0 0 246 910
add_line 0 0 0 0 46 212 577 910
add_line 0 0 0 0 46 212 910
add_line 0 0 0 0 46 910
add_line 0 0 0 0 910
add_line 0 0 0 0 92 313 910
add_line 0 0 0 0 92 910
add_line 0 0 0 124 124 124 232 910
add_line 0 0 0 124 124 124 340 910
add_line 0 0 0 124 124 124 449 910
add_line 0 0 0 124 124 124 557 910
add_line 0 0 0 124 124 124 910
add_line 0 0 0 124 124 910
add_line 0 0 0 124 384 384 384 910
add_line 0 0 0 124 384 384 910
add_line 0 0 0 124 384 910
add_line 0 0 0 124 910
add_line 0 0 0 56 234 234 234 397 910
add_line 0 0 0 56 234 234 234 560 910
add_line 0 0 0 56 234 234 234 910
add_line 0 0 0 56 234 234 397 910
add_line 0 0 0 56 234 234 560 910
add_line 0 0 0 56 234 234 910
add_line 0 0 0 56 234 910
add_line 0 0 0 56 56 56 130 397 910
add_line 0 0 0 56 56 56 130 910
add_line 0 0 0 56 56 56 204 560 910
add_line 0 0 0 56 56 56 204 910
add_line 0 0 0 56 56 56 279 910
add_line 0 0 0 56 56 56 353 910
add_line 0 0 0 56 56 56 910
add_line 0 0 0 56 56 910
add_line 0 0 0 56 910
add_line 0 0 0 910
add_line 0 0 139 139 139 255 910
add_line 0 0 139 139 139 370 910
add_line 0 0 139 139 139 486 910
add_line 0 0 139 139 139 602 910
add_line 0 0 139 139 139 910
add_line 0 0 139 139 255 910
add_line 0 0 139 139 370 910
add_line 0 0 139 139 486 910
add_line 0 0 139 139 602 910
add_line 0 0 139 139 910
add_line 0 0 139 417 417 417 910
add_line 0 0 139 417 417 910
add_line 0 0 139 417 910
add_line 0 0 139 910
add_line 0 0 246 246 246 415 910
add_line 0 0 246 246 246 584 910
add_line 0 0 246 246 246 910
add_line 0 0 246 246 415 910
add_line 0 0 246 246 584 910
add_line 0 0 246 246 910
add_line 0 0 246 910
add_line 0 0 56 234 234 234 397 910
add_line 0 0 56 234 234 234 560 910
add_line 0 0 56 234 234 234 910
add_line 0 0 56 234 234 910
add_line 0 0 56 234 910
add_line 0 0 56 56 130 397 910
add_line 0 0 56 56 130 910
add_line 0 0 56 56 204 560 910
add_line 0 0 56 56 204 910
add_line 0 0 56 56 279 910
add_line 0 0 56 56 353 910
add_line 0 0 56 56 451 910
add_line 0 0 56 56 56 130 397 910
add_line 0 0 56 56 56 130 910
add_line 0 0 56 56 56 204 560 910
add_line 0 0 56 56 56 204 910
add_line 0 0 56 56 56 279 910
add_line 0 0 56 56 56 353 910
add_line 0 0 56 56 56 910
add_line 0 0 56 56 910
add_line 0 0 56 910
add_line 0 0 910
add_line 0 139 139 139 139 139 255 910
add_line 0 139 139 139 139 139 370 910
add_line 0 139 139 139 139 139 486 910
add_line 0 139 139 139 139 139 602 910
add_line 0 139 139 139 139 139 910
add_line 0 139 139 139 139 255 910
add_line 0 139 139 139 139 370 910
add_line 0 139 139 139 139 486 910
add_line 0 139 139 139 139 602 910
add_line 0 139 139 139 139 910
add_line 0 139 139 139 278 278 278 463 910
add_line 0 139 139 139 278 278 278 910
add_line 0 139 139 139 278 278 910
add_line 0 139 139 139 278 910
add_line 0 139 139 139 449 449 449 910
add_line 0 139 139 139 449 449 910
add_line 0 139 139 139 449 910
add_line 0 139 139 139 910
add_line 0 139 278 278 278 278 278 463 910
add_line 0 139 278 278 278 278 278 910
add_line 0 139 278 278 278 278 463 910
add_line 0 139 278 278 278 278 910
add_line 0 139 278 278 278 500 500 500 910
add_line 0 139 278 278 278 500 500 910
add_line 0 139 278 278 278 500 910
add_line 0 139 278 278 278 910
add_line 0 139 278 278 500 500 500 910
add_line 0 139 278 278 500 500 910
add_line 0 139 278 278 500 910
add_line 0 139 278 278 910
add_line 0 139 278 417 417 417 417 417 910
add_line 0 139 278 417 417 417 417 910
add_line 0 139 278 417 417 417 910
add_line 0 139 278 417 910
add_line 0 139 278 910
add_line 0 139 417 417 417 417 417 910
add_line 0 139 417 417 417 417 910
add_line 0 139 417 417 417 910
add_line 0 139 417 417 910
add_line 0 139 417 910
add_line 0 139 910
add_line 0 37 115 115 115 115 115 219 593 910
add_line 0 37 115 115 115 115 115 219 910
add_line 0 37 115 115 115 115 115 322 910
add_line 0 37 115 115 115 115 115 426 910
add_line 0 37 115 115 115 115 115 530 910
add_line 0 37 115 115 115 115 115 910
add_line 0 37 115 115 115 115 219 593 910
add_line 0 37 115 115 115 115 219 910
add_line 0 37 115 115 115 115 322 910
add_line 0 37 115 115 115 115 426 910
add_line 0 37 115 115 115 115 530 910
add_line 0 37 115 115 115 115 910
add_line 0 37 115 115 115 240 240 240 406 910
add_line 0 37 115 115 115 240 240 240 572 910
add_line 0 37 115 115 115 240 240 240 910
add_line 0 37 115 115 115 240 240 910
add_line 0 37 115 115 115 240 910
add_line 0 37 115 115 115 393 393 393 910
add_line 0 37 115 115 115 393 393 910
add_line 0 37 115 115 115 393 910
add_line 0 37 115 115 115 910
add_line 0 37 115 115 240 240 240 406 910
add_line 0 37 115 115 240 240 240 572 910
add_line 0 37 115 115 240 240 240 910
add_line 0 37 115 115 240 240 406 910
add_line 0 37 115 115 240 240 572 910
add_line 0 37 115 115 240 240 910
add_line 0 37 115 115 240 910
add_line 0 37 115 115 426 426 426 910
add_line 0 37 115 115 426 426 910
add_line 0 37 115 115 426 910
add_line 0 37 115 115 910
add_line 0 37 115 193 193 193 193 193 336 910
add_line 0 37 115 193 193 193 193 193 478 910
add_line 0 37 115 193 193 193 193 193 910
add_line 0 37 115 193 193 193 193 336 910
add_line 0 37 115 193 193 193 193 478 910
add_line 0 37 115 193 193 193 193 910
add_line 0 37 115 193 193 193 364 364 364 592 910
add_line 0 37 115 193 193 193 364 364 364 910
add_line 0 37 115 193 193 193 364 364 910
add_line 0 37 115 193 193 193 364 910
add_line 0 37 115 193 193 193 576 576 576 910
add_line 0 37 115 193 193 193 576 576 910
add_line 0 37 115 193 193 193 576 910
add_line 0 37 115 193 193 193 910
add_line 0 37 115 193 364 364 364 364 364 592 910
add_line 0 37 115 193 364 364 364 364 364 910
add_line 0 37 115 193 364 364 364 364 592 910
add_line 0 37 115 193 364 364 364 364 910
add_line 0 37 115 193 364 364 364 910
add_line 0 37 115 193 364 364 910
add_line 0 37 115 193 364 910
add_line 0 37 115 193 536 536 536 536 536 910
add_line 0 37 115 193 536 536 536 536 910
add_line 0 37 115 193 536 536 536 910
add_line 0 37 115 193 536 536 910
add_line 0 37 115 193 536 910
add_line 0 37 115 193 910
add_line 0 37 115 910
add_line 0 37 192 192 192 192 192 334 910
add_line 0 37 192 192 192 192 192 476 910
add_line 0 37 192 192 192 192 192 910
add_line 0 37 192 192 192 192 334 910
add_line 0 37 192 192 192 192 476 910
add_line 0 37 192 192 192 192 910
add_line 0 37 192 192 192 363 363 363 591 910
add_line 0 37 192 192 192 363 363 363 910
add_line 0 37 192 192 192 363 363 910
add_line 0 37 192 192 192 363 910
add_line 0 37 192 192 192 573 573 573 910
add_line 0 37 192 192 192 573 573 910
add_line 0 37 192 192 192 573 910
add_line 0 37 192 192 192 910
add_line 0 37 192 192 363 363 363 591 910
add_line 0 37 192 192 363 363 363 910
add_line 0 37 192 192 363 363 591 910
add_line 0 37 192 192 363 363 910
add_line 0 37 192 192 363 910
add_line 0 37 192 192 910
add_line 0 37 192 347 347 347 347 347 567 910
add_line 0 37 192 347 347 347 347 347 910
add_line 0 37 192 347 347 347 347 567 910
add_line 0 37 192 347 347 347 347 910
add_line 0 37 192 347 347 347 910
add_line 0 37 192 347 910
add_line 0 37 192 910
add_line 0 37 37 37 115 115 115 219 593 910
add_line 0 37 37 37 115 115 115 219 910
add_line 0 37 37 37 115 115 115 322 910
add_line 0 37 37 37 115 115 115 426 910
add_line 0 37 37 37 115 115 115 530 910
add_line 0 37 37 37 115 115 115 910
add_line 0 37 37 37 115 115 910
add_line 0 37 37 37 115 364 364 364 592 910
add_line 0 37 37 37 115 364 364 364 910
add_line 0 37 37 37 115 364 364 592 910
add_line 0 37 37 37 115 364 364 910
add_line 0 37 37 37 115 364 910
add_line 0 37 37 37 115 910
add_line 0 37 37 37 211 211 211 363 910
add_line 0 37 37 37 211 211 211 514 910
add_line 0 37 37 37 211 211 211 910
add_line 0 37 37 37 211 211 910
add_line 0 37 37 37 211 575 575 575 910
add_line 0 37 37 37 211 575 575 910
add_line 0 37 37 37 211 575 910
add_line 0 37 37 37 211 910
add_line 0 37 37 37 37 102 335 910
add_line 0 37 37 37 37 102 910
add_line 0 37 37 37 37 166 476 910
add_line 0 37 37 37 37 166 910
add_line 0 37 37 37 37 231 910
add_line 0 37 37 37 37 296 910
add_line 0 37 37 37 37 37 102 335 910
add_line 0 37 37 37 37 37 102 910
add_line 0 37 37 37 37 37 166 476 910
add_line 0 37 37 37 37 37 166 910
add_line 0 37 37 37 37 37 231 910
add_line 0 37 37 37 37 37 296 910
add_line 0 37 37 37 37 37 910
add_line 0 37 37 37 37 381 910
add_line 0 37 37 37 37 910
add_line 0 37 37 37 910
add_line 0 37 910
add_line 0 56 145 145 145 145 145 264 910
add_line 0 56 145 145 145 145 145 382 910
add_line 0 56 145 145 145 145 145 501 910
add_line 0 56 145 145 145 145 145 910
add_line 0 56 145 145 145 145 264 910
add_line 0 56 145 145 145 145 382 910
add_line 0 56 145 145 145 145 501 910
add_line 0 56 145 145 145 145 910
add_line 0 56 145 145 145 288 288 288 478 910
add_line 0 56 145 145 145 288 288 288 910
add_line 0 56 145 145 145 288 288 910
add_line 0 56 145 145 145 288 910
add_line 0 56 145 145 145 463 463 463 910
add_line 0 56 145 145 145 463 463 910
add_line 0 56 145 145 145 463 910
add_line 0 56 145 145 145 910
add_line 0 56 145 145 288 288 288 478 910
add_line 0 56 145 145 288 288 288 910
add_line 0 56 145 145 288 288 478 910
add_line 0 56 145 145 288 288 910
add_line 0 56 145 145 288 910
add_line 0 56 145 145 501 501 501 910
add_line 0 56 145 145 501 501 910
add_line 0 56 145 145 501 910
add_line 0 56 145 145 910
add_line 0 56 145 234 234 234 234 234 397 910
add_line 0 56 145 234 234 234 234 234 560 910
add_line 0 56 145 234 234 234 234 234 910
add_line 0 56 145 234 234 234 234 397 910
add_line 0 56 145 234 234 234 234 560 910
add_line 0 56 145 234 234 234 234 910
add_line 0 56 145 234 234 234 430 430 430 910
add_line 0 56 145 234 234 234 430 430 910
add_line 0 56 145 234 234 234 430 910
add_line 0 56 145 234 234 234 910
add_line 0 56 145 234 430 430 430 430 430 910
add_line 0 56 145 234 430 430 430 430 910
add_line 0 56 145 234 430 430 430 910
add_line 0 56 145 234 430 430 910
add_line 0 56 145 234 430 910
add_line 0 56 145 234 910
add_line 0 56 145 910
add_line 0 56 234 234 234 234 234 397 910
add_line 0 56 234 234 234 234 234 560 910
add_line 0 56 234 234 234 234 234 910
add_line 0 56 234 234 234 234 397 910
add_line 0 56 234 234 234 234 560 910
add_line 0 56 234 234 234 234 910
add_line 0 56 234 234 234 430 430 430 910
add_line 0 56 234 234 234 430 430 910
add_line 0 56 234 234 234 430 910
add_line 0 56 234 234 234 910
add_line 0 56 234 234 430 430 430 910
add_line 0 56 234 234 430 430 910
add_line 0 56 234 234 430 910
add_line 0 56 234 234 910
add_line 0 56 234 412 412 412 412 412 910
add_line 0 56 234 412 412 412 412 910
add_line 0 56 234 412 412 412 910
add_line 0 56 234 412 910
add_line 0 56 234 910
add_line 0 56 56 56 145 145 145 264 910
add_line 0 56 56 56 145 145 145 382 910
add_line 0 56 56 56 145 145 145 501 910
add_line 0 56 56 56 145 145 145 910
add_line 0 56 56 56 145 145 910
add_line 0 56 56 56 145 430 430 430 910
add_line 0 56 56 56 145 430 430 910
add_line 0 56 56 56 145 430 910
add_line 0 56 56 56 145 910
add_line 0 56 56 56 255 255 255 429 910
add_line 0 56 56 56 255 255 255 602 910
add_line 0 56 56 56 255 255 255 910
add_line 0 56 56 56 255 255 910
add_line 0 56 56 56 255 910
add_line 0 56 56 56 56 130 397 910
add_line 0 56 56 56 56 130 910
add_line 0 56 56 56 56 204 560 910
add_line 0 56 56 56 56 204 910
add_line 0 56 56 56 56 279 910
add_line 0 56 56 56 56 353 910
add_line 0 56 56 56 56 451 910
add_line 0 56 56 56 56 56 130 397 910
add_line 0 56 56 56 56 56 130 910
add_line 0 56 56 56 56 56 204 560 910
add_line 0 56 56 56 56 56 204 910
add_line 0 56 56 56 56 56 279 910
add_line 0 56 56 56 56 56 353 910
add_line 0 56 56 56 56 56 910
add_line 0 56 56 56 56 910
add_line 0 56 56 56 910
add_line 0 56 910
add_line 0 92 203 203 203 203 203 351 910
add_line 0 92 203 203 203 203 203 498 910
add_line 0 92 203 203 203 203 203 910
add_line 0 92 203 203 203 203 351 910
add_line 0 92 203 203 203 203 498 910
add_line 0 92 203 203 203 203 910
add_line 0 92 203 203 203 380 380 380 910
add_line 0 92 203 203 203 380 380 910
add_line 0 92 203 203 203 380 910
add_line 0 92 203 203 203 599 599 599 910
add_line 0 92 203 203 203 599 599 910
add_line 0 92 203 203 203 599 910
add_line 0 92 203 203 203 910
add_line 0 92 203 203 380 380 380 910
add_line 0 92 203 203 380 380 910
add_line 0 92 203 203 380 910
add_line 0 92 203 203 910
add_line 0 92 203 314 314 314 314 314 517 910
add_line 0 92 203 314 314 314 314 314 910
add_line 0 92 203 314 314 314 314 517 910
add_line 0 92 203 314 314 314 314 910
add_line 0 92 203 314 314 314 558 558 558 910
add_line 0 92 203 314 314 314 558 558 910
add_line 0 92 203 314 314 314 558 910
add_line 0 92 203 314 314 314 910
add_line 0 92 203 314 558 558 558 558 558 910
add_line 0 92 203 314 558 558 558 558 910
add_line 0 92 203 314 558 558 558 910
add_line 0 92 203 314 558 558 910
add_line 0 92 203 314 558 910
add_line 0 92 203 314 910
add_line 0 92 203 910
add_line 0 92 313 313 313 313 313 516 910
add_line 0 92 313 313 313 313 313 910
add_line 0 92 313 313 313 313 516 910
add_line 0 92 313 313 313 313 910
add_line 0 92 313 313 313 556 556 556 910
add_line 0 92 313 313 313 556 556 910
add_line 0 92 313 313 313 556 910
add_line 0 92 313 313 313 910
add_line 0 92 313 313 556 556 556 910
add_line 0 92 313 313 556 556 910
add_line 0 92 313 313 556 910
add_line 0 92 313 313 910
add_line 0 92 313 534 534 534 534 534 910
add_line 0 92 313 534 534 534 534 910
add_line 0 92 313 534 534 534 910
add_line 0 92 313 534 910
add_line 0 92 313 910
add_line 0 92 910
add_line 0 92 92 92 203 203 203 351 910
add_line 0 92 92 92 203 203 203 498 910
add_line 0 92 92 92 203 203 203 910
add_line 0 92 92 92 203 203 910
add_line 0 92 92 92 203 558 558 558 910
add_line 0 92 92 92 203 558 558 910
add_line 0 92 92 92 203 558 910
add_line 0 92 92 92 203 910
add_line 0 92 92 92 339 339 339 555 910
add_line 0 92 92 92 339 339 339 910
add_line 0 92 92 92 339 339 910
add_line 0 92 92 92 339 910
add_line 0 92 92 92 910
add_line 0 92 92 92 92 184 516 910
add_line 0 92 92 92 92 184 910
add_line 0 92 92 92 92 276 910
add_line 0 92 92 92 92 369 910
add_line 0 92 92 92 92 461 910
add_line 0 92 92 92 92 583 910
add_line 0 92 92 92 92 910
add_line 0 92 92 92 92 92 184 516 910
add_line 0 92 92 92 92 92 184 910
add_line 0 92 92 92 92 92 276 910
add_line 0 92 92 92 92 92 369 910
add_line 0 92 92 92 92 92 461 910
add_line 0 92 92 92 92 92 910
