reset_tree_info
add_info_line "#Type#NoLimit"
add_info_line "#Range0#JJ:0.2,TT:0.31,99:0.692,88:0.696,77:0.75,66:0.61,55:0.436,44:0.416,33:0.426,22:0.42,AKo:0.108,AQs:0.996,AQo:0.146,AJs:0.996,ATs:0.496,A9s:0.568,A8s:0.158,A5s:0.556,A4s:0.31,A3s:0.072,KQs:0.916,KQo:0.066,KJs:0.306,KTs:0.266,K9s:0.356,K6s:0.078,QJs:0.636,QTs:0.618,JTs:0.684,J9s:0.08,T9s:0.404,T8s:0.076,98s:0.32,97s:0.05,87s:0.366,86s:0.022,76s:0.374,65s:0.33,54s:0.358"
add_info_line "#Range1#AA,KK,QQ:0.998,JJ:0.824,TT:0.624,99:0.558,88:0.498,77:0.478,66:0.492,55:0.394,44:0.208,33:0.186,22:0.148,AKs,AKo:0.968,AQs:0.89,AQo:0.646,AJs:0.562,AJo:0.714,ATs:0.39,ATo:0.634,A9s:0.612,A8s:0.684,A7s:0.742,A6s:0.2,A5s:0.56,A4s:0.564,A3s:0.634,KQs:0.638,KQo:0.67,KJs:0.694,KJo:0.536,KTs:0.602,K9s:0.646,QJs:0.482,QTs:0.43,Q9s:0.864,JTs:0.588,J9s:0.478,T9s:0.49"
add_info_line "#Board#Qc 3d Th"
add_info_line "#Pot#185"
add_info_line "#EffectiveStacks#910"
add_info_line "#AllinThreshold#67"
add_info_line "#AddAllinOnlyIfLessThanThisTimesThePot#500"
add_info_line "#CapEnabled#True"
add_info_line "#CapPerStreet#5\n5\n5"
add_info_line "#CapMode#NoLimit"
add_info_line "#FlopConfig.RaiseSize#30, 50, a"
add_info_line "#TurnConfig.BetSize#25, 50, 75, 100, 133"
add_info_line "#TurnConfig.RaiseSize#50, a"
add_info_line "#RiverConfig.BetSize#25, 50, 75, 100, 133, a"
add_info_line "#RiverConfig.RaiseSize#60, a"
add_info_line "#RiverConfig.AddAllin#True"
add_info_line "#RiverConfig.DonkBetSize#a"
add_info_line "#FlopConfigIP.BetSize#20, 33, 50, 75"
add_info_line "#FlopConfigIP.RaiseSize#2x, a"
add_info_line "#TurnConfigIP.BetSize#33, 67, a"
add_info_line "#TurnConfigIP.RaiseSize#50, a"
add_info_line "#RiverConfigIP.BetSize#50, 75, 100, 133, a"
add_info_line "#RiverConfigIP.RaiseSize#60, a"
add_info_line "#RiverConfigIP.AddAllin#True"
set_accuracy 0.925000
set_range OOP 0.42 0.42 0.42 0.42 0.42 0.42 0 0 0 0 0 0 0 0 0.426 0 0 0 0 0.426 0.426 0 0 0 0 0.426 0.426 0.426 0 0 0 0 0 0 0 0 0 0 0 0 0 0 0 0 0.416 0 0 0 0 0 0 0 0 0.416 0.416 0 0 0 0 0 0 0 0 0.416 0.416 0.416 0 0 0 0 0 0 0 0 0.358 0 0 0 0 0 0 0 0 0 0 0 0 0.358 0 0 0.436 0 0 0 0 0 0 0 0 0 0 0.358 0 0.436 0.436 0 0 0 0 0 0 0 0 0 0 0 0.358 0.436 0.436 0.436 0 0 0 0 0 0 0 0 0 0 0 0 0.33 0 0 0 0 0 0 0 0 0 0 0 0 0 0 0 0 0.33 0 0 0.61 0 0 0 0 0 0 0 0 0 0 0 0 0 0 0.33 0 0.61 0.61 0 0 0 0 0 0 0 0 0 0 0 0 0 0 0 0.33 0.61 0.61 0.61 0 0 0 0 0 0 0 0 0 0 0 0 0 0 0 0 0.374 0 0 0 0 0 0 0 0 0 0 0 0 0 0 0 0 0 0 0 0 0.374 0 0 0.75 0 0 0 0 0 0 0 0 0 0 0 0 0 0 0 0 0 0 0.374 0 0.75 0.75 0 0 0 0 0 0 0 0 0 0 0 0 0 0 0 0 0 0 0 0.374 0.75 0.75 0.75 0 0 0 0 0 0 0 0 0 0 0 0 0 0 0 0 0.022 0 0 0 0.366 0 0 0 0 0 0 0 0 0 0 0 0 0 0 0 0 0 0 0 0 0.022 0 0 0 0.366 0 0 0.696 0 0 0 0 0 0 0 0 0 0 0 0 0 0 0 0 0 0 0.022 0 0 0 0.366 0 0.696 0.696 0 0 0 0 0 0 0 0 0 0 0 0 0 0 0 0 0 0 0 0.022 0 0 0 0.366 0.696 0.696 0.696 0 0 0 0 0 0 0 0 0 0 0 0 0 0 0 0 0 0 0 0 0.05 0 0 0 0.32 0 0 0 0 0 0 0 0 0 0 0 0 0 0 0 0 0 0 0 0 0 0 0 0 0.05 0 0 0 0.32 0 0 0.692 0 0 0 0 0 0 0 0 0 0 0 0 0 0 0 0 0 0 0 0 0 0 0.05 0 0 0 0.32 0 0.692 0.692 0 0 0 0 0 0 0 0 0 0 0 0 0 0 0 0 0 0 0 0 0 0 0 0.05 0 0 0 0.32 0.692 0.692 0.692 0 0 0 0 0 0 0 0 0 0 0 0 0 0 0 0 0 0 0 0 0 0 0 0 0.076 0 0 0 0.404 0 0 0 0 0 0 0 0 0 0 0 0 0 0 0 0 0 0 0 0 0 0 0 0 0 0 0 0 0.076 0 0 0 0.404 0 0 0.31 0 0 0 0 0 0 0 0 0 0 0 0 0 0 0 0 0 0 0 0 0 0 0 0 0 0 0.076 0 0 0 0.404 0 0.31 0.31 0 0 0 0 0 0 0 0 0 0 0 0 0 0 0 0 0 0 0 0 0 0 0 0 0 0 0 0.076 0 0 0 0.404 0.31 0.31 0.31 0 0 0 0 0 0 0 0 0 0 0 0 0 0 0 0 0 0 0 0 0 0 0 0 0 0 0 0 0.08 0 0 0 0.684 0 0 0 0 0 0 0 0 0 0 0 0 0 0 0 0 0 0 0 0 0 0 0 0 0 0 0 0 0 0 0 0 0.08 0 0 0 0.684 0 0 0.2 0 0 0 0 0 0 0 0 0 0 0 0 0 0 0 0 0 0 0 0 0 0 0 0 0 0 0 0 0 0 0.08 0 0 0 0.684 0 0.2 0.2 0 0 0 0 0 0 0 0 0 0 0 0 0 0 0 0 0 0 0 0 0 0 0 0 0 0 0 0 0 0 0 0.08 0 0 0 0.684 0.2 0.2 0.2 0 0 0 0 0 0 0 0 0 0 0 0 0 0 0 0 0 0 0 0 0 0 0 0 0 0 0 0 0 0 0 0 0.618 0 0 0 0.636 0 0 0 0 0 0 0 0 0 0 0 0 0 0 0 0 0 0 0 0 0 0 0 0 0 0 0 0 0 0 0 0 0 0 0 0 0.618 0 0 0 0.636 0 0 0 0 0 0 0 0 0 0 0 0 0 0 0 0 0 0 0 0 0 0 0 0 0 0 0 0 0 0 0 0 0 0 0 0 0 0.618 0 0 0 0.636 0 0 0 0 0 0 0 0 0 0 0 0 0 0 0 0 0 0 0 0 0 0 0 0 0 0 0 0 0 0 0 0 0 0 0 0 0 0 0.618 0 0 0 0.636 0 0 0 0 0 0 0 0 0 0 0 0 0 0 0 0 0 0 0 0.078 0 0 0 0 0 0 0 0 0 0 0 0.356 0 0 0 0.266 0 0 0 0.306 0 0 0 0.916 0.066 0.066 0.066 0 0 0 0 0 0 0 0 0 0 0 0 0 0 0 0 0 0.078 0 0 0 0 0 0 0 0 0 0 0 0.356 0 0 0 0.266 0 0 0 0.306 0 0 0.066 0.916 0.066 0.066 0 0 0 0 0 0 0 0 0 0 0 0 0 0 0 0 0 0 0 0.078 0 0 0 0 0 0 0 0 0 0 0 0.356 0 0 0 0.266 0 0 0 0.306 0 0.066 0.066 0.916 0.066 0 0 0 0 0 0 0 0 0 0 0 0 0 0 0 0 0 0 0 0 0 0.078 0 0 0 0 0 0 0 0 0 0 0 0.356 0 0 0 0.266 0 0 0 0.306 0.066 0.066 0.066 0.916 0 0 0 0 0 0 0 0.072 0 0 0 0.31 0 0 0 0.556 0 0 0 0 0 0 0 0 0 0 0 0.158 0 0 0 0.568 0 0 0 0.496 0 0 0 0.996 0 0 0 0.996 0.146 0.146 0.146 0 0.108 0.108 0.108 0 0 0 0 0 0.072 0 0 0 0.31 0 0 0 0.556 0 0 0 0 0 0 0 0 0 0 0 0.158 0 0 0 0.568 0 0 0 0.496 0 0 0 0.996 0 0 0.146 0.996 0.146 0.146 0.108 0 0.108 0.108 0 0 0 0 0 0 0 0.072 0 0 0 0.31 0 0 0 0.556 0 0 0 0 0 0 0 0 0 0 0 0.158 0 0 0 0.568 0 0 0 0.496 0 0 0 0.996 0 0.146 0.146 0.996 0.146 0.108 0.108 0 0.108 0 0 0 0 0 0 0 0 0 0.072 0 0 0 0.31 0 0 0 0.556 0 0 0 0 0 0 0 0 0 0 0 0.158 0 0 0 0.568 0 0 0 0.496 0 0 0 0.996 0.146 0.146 0.146 0.996 0.108 0.108 0.108 0 0 0 0
set_range IP 0.148 0.148 0.148 0.148 0.148 0.148 0 0 0 0 0 0 0 0 0.186 0 0 0 0 0.186 0.186 0 0 0 0 0.186 0.186 0.186 0 0 0 0 0 0 0 0 0 0 0 0 0 0 0 0 0.208 0 0 0 0 0 0 0 0 0.208 0.208 0 0 0 0 0 0 0 0 0.208 0.208 0.208 0 0 0 0 0 0 0 0 0 0 0 0 0 0 0 0 0 0 0 0 0 0 0 0 0.394 0 0 0 0 0 0 0 0 0 0 0 0 0.394 0.394 0 0 0 0 0 0 0 0 0 0 0 0 0.394 0.394 0.394 0 0 0 0 0 0 0 0 0 0 0 0 0 0 0 0 0 0 0 0 0 0 0 0 0 0 0 0 0 0 0 0 0.492 0 0 0 0 0 0 0 0 0 0 0 0 0 0 0 0 0.492 0.492 0 0 0 0 0 0 0 0 0 0 0 0 0 0 0 0 0.492 0.492 0.492 0 0 0 0 0 0 0 0 0 0 0 0 0 0 0 0 0 0 0 0 0 0 0 0 0 0 0 0 0 0 0 0 0 0 0 0 0 0 0 0 0.478 0 0 0 0 0 0 0 0 0 0 0 0 0 0 0 0 0 0 0 0 0.478 0.478 0 0 0 0 0 0 0 0 0 0 0 0 0 0 0 0 0 0 0 0 0.478 0.478 0.478 0 0 0 0 0 0 0 0 0 0 0 0 0 0 0 0 0 0 0 0 0 0 0 0 0 0 0 0 0 0 0 0 0 0 0 0 0 0 0 0 0 0 0 0 0 0 0 0 0.498 0 0 0 0 0 0 0 0 0 0 0 0 0 0 0 0 0 0 0 0 0 0 0 0 0.498 0.498 0 0 0 0 0 0 0 0 0 0 0 0 0 0 0 0 0 0 0 0 0 0 0 0 0.498 0.498 0.498 0 0 0 0 0 0 0 0 0 0 0 0 0 0 0 0 0 0 0 0 0 0 0 0 0 0 0 0 0 0 0 0 0 0 0 0 0 0 0 0 0 0 0 0 0 0 0 0 0 0 0 0 0 0 0 0 0.558 0 0 0 0 0 0 0 0 0 0 0 0 0 0 0 0 0 0 0 0 0 0 0 0 0 0 0 0 0.558 0.558 0 0 0 0 0 0 0 0 0 0 0 0 0 0 0 0 0 0 0 0 0 0 0 0 0 0 0 0 0.558 0.558 0.558 0 0 0 0 0 0 0 0 0 0 0 0 0 0 0 0 0 0 0 0 0 0 0 0 0 0 0 0 0.49 0 0 0 0 0 0 0 0 0 0 0 0 0 0 0 0 0 0 0 0 0 0 0 0 0 0 0 0 0 0 0 0 0.49 0 0 0.624 0 0 0 0 0 0 0 0 0 0 0 0 0 0 0 0 0 0 0 0 0 0 0 0 0 0 0 0 0 0 0.49 0 0.624 0.624 0 0 0 0 0 0 0 0 0 0 0 0 0 0 0 0 0 0 0 0 0 0 0 0 0 0 0 0 0 0 0 0.49 0.624 0.624 0.624 0 0 0 0 0 0 0 0 0 0 0 0 0 0 0 0 0 0 0 0 0 0 0 0 0 0 0 0 0.478 0 0 0 0.588 0 0 0 0 0 0 0 0 0 0 0 0 0 0 0 0 0 0 0 0 0 0 0 0 0 0 0 0 0 0 0 0 0.478 0 0 0 0.588 0 0 0.824 0 0 0 0 0 0 0 0 0 0 0 0 0 0 0 0 0 0 0 0 0 0 0 0 0 0 0 0 0 0 0.478 0 0 0 0.588 0 0.824 0.824 0 0 0 0 0 0 0 0 0 0 0 0 0 0 0 0 0 0 0 0 0 0 0 0 0 0 0 0 0 0 0 0.478 0 0 0 0.588 0.824 0.824 0.824 0 0 0 0 0 0 0 0 0 0 0 0 0 0 0 0 0 0 0 0 0 0 0 0 0 0 0 0 0.864 0 0 0 0.43 0 0 0 0.482 0 0 0 0 0 0 0 0 0 0 0 0 0 0 0 0 0 0 0 0 0 0 0 0 0 0 0 0 0 0 0 0 0.864 0 0 0 0.43 0 0 0 0.482 0 0 0.998 0 0 0 0 0 0 0 0 0 0 0 0 0 0 0 0 0 0 0 0 0 0 0 0 0 0 0 0 0 0 0.864 0 0 0 0.43 0 0 0 0.482 0 0.998 0.998 0 0 0 0 0 0 0 0 0 0 0 0 0 0 0 0 0 0 0 0 0 0 0 0 0 0 0 0 0 0 0 0.864 0 0 0 0.43 0 0 0 0.482 0.998 0.998 0.998 0 0 0 0 0 0 0 0 0 0 0 0 0 0 0 0 0 0 0 0 0 0 0 0 0 0 0 0 0.646 0 0 0 0.602 0 0 0 0.694 0.536 0.536 0.536 0.638 0.67 0.67 0.67 0 0 0 0 0 0 0 0 0 0 0 0 0 0 0 0 0 0 0 0 0 0 0 0 0 0 0 0 0 0.646 0 0 0 0.602 0 0 0.536 0.694 0.536 0.536 0.67 0.638 0.67 0.67 1 0 0 0 0 0 0 0 0 0 0 0 0 0 0 0 0 0 0 0 0 0 0 0 0 0 0 0 0 0 0 0.646 0 0 0 0.602 0 0.536 0.536 0.694 0.536 0.67 0.67 0.638 0.67 1 1 0 0 0 0 0 0 0 0 0 0 0 0 0 0 0 0 0 0 0 0 0 0 0 0 0 0 0 0 0 0 0 0.646 0 0 0 0.602 0.536 0.536 0.536 0.694 0.67 0.67 0.67 0.638 1 1 1 0 0 0 0 0.634 0 0 0 0.564 0 0 0 0.56 0 0 0 0.2 0 0 0 0.742 0 0 0 0.684 0 0 0 0.612 0 0 0 0.39 0.634 0.634 0.634 0.562 0.714 0.714 0.714 0.89 0.646 0.646 0.646 1 0.968 0.968 0.968 0 0 0 0 0 0.634 0 0 0 0.564 0 0 0 0.56 0 0 0 0.2 0 0 0 0.742 0 0 0 0.684 0 0 0 0.612 0 0 0.634 0.39 0.634 0.634 0.714 0.562 0.714 0.714 0.646 0.89 0.646 0.646 0.968 1 0.968 0.968 1 0 0 0 0 0 0 0.634 0 0 0 0.564 0 0 0 0.56 0 0 0 0.2 0 0 0 0.742 0 0 0 0.684 0 0 0 0.612 0 0.634 0.634 0.39 0.634 0.714 0.714 0.562 0.714 0.646 0.646 0.89 0.646 0.968 0.968 1 0.968 1 1 0 0 0 0 0 0 0 0.634 0 0 0 0.564 0 0 0 0.56 0 0 0 0.2 0 0 0 0.742 0 0 0 0.684 0 0 0 0.612 0.634 0.634 0.634 0.39 0.714 0.714 0.714 0.562 0.646 0.646 0.646 0.89 0.968 0.968 0.968 1 1 1 1
set_eff_stack 910
set_pot 0 0 185
clear_lines 
add_line 0 0 0 0 0 139 417 910
add_line 0 0 0 0 0 139 910
add_line 0 0 0 0 0 185 518 910
add_line 0 0 0 0 0 185 910
add_line 0 0 0 0 0 246 910
add_line 0 0 0 0 0 910
add_line 0 0 0 0 0 92 313 910
add_line 0 0 0 0 0 92 910
add_line 0 0 0 0 139 417 910
add_line 0 0 0 0 139 910
add_line 0 0 0 0 185 518 910
add_line 0 0 0 0 185 910
add_line 0 0 0 0 246 910
add_line 0 0 0 0 46 212 577 910
add_line 0 0 0 0 46 212 910
add_line 0 0 0 0 46 910
add_line 0 0 0 0 910
add_line 0 0 0 0 92 313 910
add_line 0 0 0 0 92 910
add_line 0 0 0 124 124 124 340 910
add_line 0 0 0 124 124 124 449 910
add_line 0 0 0 124 124 124 557 910
add_line 0 0 0 124 124 124 910
add_line 0 0 0 124 124 910
add_line 0 0 0 124 340 340 340 910
add_line 0 0 0 124 340 340 556 910
add_line 0 0 0 124 340 340 910
add_line 0 0 0 124 340 910
add_line 0 0 0 124 910
add_line 0 0 0 61 214 214 214 520 910
add_line 0 0 0 61 214 214 214 910
add_line 0 0 0 61 214 214 367 910
add_line 0 0 0 61 214 214 520 910
add_line 0 0 0 61 214 214 910
add_line 0 0 0 61 214 520 520 520 910
add_line 0 0 0 61 214 520 520 910
add_line 0 0 0 61 214 520 910
add_line 0 0 0 61 214 910
add_line 0 0 0 61 61 61 214 582 910
add_line 0 0 0 61 61 61 214 910
add_line 0 0 0 61 61 61 291 910
add_line 0 0 0 61 61 61 368 910
add_line 0 0 0 61 61 61 469 910
add_line 0 0 0 61 61 61 910
add_line 0 0 0 61 61 910
add_line 0 0 0 61 910
add_line 0 0 0 910
add_line 0 0 139 139 139 370 910
add_line 0 0 139 139 139 486 910
add_line 0 0 139 139 139 602 910
add_line 0 0 139 139 139 910
add_line 0 0 139 139 255 910
add_line 0 0 139 139 370 910
add_line 0 0 139 139 486 910
add_line 0 0 139 139 602 910
add_line 0 0 139 139 910
add_line 0 0 139 370 370 370 910
add_line 0 0 139 370 370 910
add_line 0 0 139 370 910
add_line 0 0 139 910
add_line 0 0 185 185 185 462 910
add_line 0 0 185 185 185 601 910
add_line 0 0 185 185 185 910
add_line 0 0 185 185 324 910
add_line 0 0 185 185 462 910
add_line 0 0 185 185 601 910
add_line 0 0 185 185 910
add_line 0 0 185 462 462 462 910
add_line 0 0 185 462 462 910
add_line 0 0 185 462 910
add_line 0 0 185 910
add_line 0 0 246 246 246 584 910
add_line 0 0 246 246 246 910
add_line 0 0 246 246 415 910
add_line 0 0 246 246 584 910
add_line 0 0 246 246 910
add_line 0 0 246 584 584 584 910
add_line 0 0 246 584 584 910
add_line 0 0 246 584 910
add_line 0 0 246 910
add_line 0 0 46 184 184 184 460 910
add_line 0 0 46 184 184 184 599 910
add_line 0 0 46 184 184 184 910
add_line 0 0 46 184 184 910
add_line 0 0 46 184 460 460 460 910
add_line 0 0 46 184 460 460 910
add_line 0 0 46 184 460 910
add_line 0 0 46 184 910
add_line 0 0 46 46 115 364 910
add_line 0 0 46 46 115 910
add_line 0 0 46 46 184 516 910
add_line 0 0 46 46 184 910
add_line 0 0 46 46 254 910
add_line 0 0 46 46 323 910
add_line 0 0 46 46 414 910
add_line 0 0 46 46 46 184 516 910
add_line 0 0 46 46 46 184 910
add_line 0 0 46 46 46 254 910
add_line 0 0 46 46 46 323 910
add_line 0 0 46 46 46 414 910
add_line 0 0 46 46 46 910
add_line 0 0 46 46 910
add_line 0 0 46 910
add_line 0 0 92 276 276 276 910
add_line 0 0 92 276 276 910
add_line 0 0 92 276 910
add_line 0 0 92 910
add_line 0 0 92 92 184 516 910
add_line 0 0 92 92 184 910
add_line 0 0 92 92 276 910
add_line 0 0 92 92 369 910
add_line 0 0 92 92 461 910
add_line 0 0 92 92 583 910
add_line 0 0 92 92 910
add_line 0 0 92 92 92 276 910
add_line 0 0 92 92 92 369 910
add_line 0 0 92 92 92 461 910
add_line 0 0 92 92 92 583 910
add_line 0 0 92 92 92 910
add_line 0 139 139 139 139 139 370 910
add_line 0 139 139 139 139 139 486 910
add_line 0 139 139 139 139 139 602 910
add_line 0 139 139 139 139 139 910
add_line 0 139 139 139 139 255 910
add_line 0 139 139 139 139 370 910
add_line 0 139 139 139 139 486 910
add_line 0 139 139 139 139 602 910
add_line 0 139 139 139 139 910
add_line 0 139 139 139 292 292 292 910
add_line 0 139 139 139 292 292 910
add_line 0 139 139 139 292 910
add_line 0 139 139 139 449 449 449 910
add_line 0 139 139 139 449 449 910
add_line 0 139 139 139 449 910
add_line 0 139 139 139 910
add_line 0 139 278 278 278 278 278 910
add_line 0 139 278 278 278 278 463 910
add_line 0 139 278 278 278 278 910
add_line 0 139 278 278 278 523 523 523 910
add_line 0 139 278 278 278 523 523 910
add_line 0 139 278 278 278 523 910
add_line 0 139 278 278 278 910
add_line 0 139 278 278 463 463 463 910
add_line 0 139 278 278 463 463 910
add_line 0 139 278 278 463 910
add_line 0 139 278 278 910
add_line 0 139 278 417 417 417 417 417 910
add_line 0 139 278 417 417 417 417 910
add_line 0 139 278 417 417 417 910
add_line 0 139 278 417 910
add_line 0 139 278 910
add_line 0 139 370 370 370 370 370 910
add_line 0 139 370 370 370 370 601 910
add_line 0 139 370 370 370 370 910
add_line 0 139 370 370 370 910
add_line 0 139 370 370 601 601 601 910
add_line 0 139 370 370 601 601 910
add_line 0 139 370 370 601 910
add_line 0 139 370 370 910
add_line 0 139 370 601 601 601 601 601 910
add_line 0 139 370 601 601 601 601 910
add_line 0 139 370 601 601 601 910
add_line 0 139 370 601 910
add_line 0 139 370 910
add_line 0 139 910
add_line 0 37 115 115 115 115 115 322 910
add_line 0 37 115 115 115 115 115 426 910
add_line 0 37 115 115 115 115 115 530 910
add_line 0 37 115 115 115 115 115 910
add_line 0 37 115 115 115 115 219 593 910
add_line 0 37 115 115 115 115 219 910
add_line 0 37 115 115 115 115 322 910
add_line 0 37 115 115 115 115 426 910
add_line 0 37 115 115 115 115 530 910
add_line 0 37 115 115 115 115 910
add_line 0 37 115 115 115 252 252 252 596 910
add_line 0 37 115 115 115 252 252 252 910
add_line 0 37 115 115 115 252 252 910
add_line 0 37 115 115 115 252 596 596 596 910
add_line 0 37 115 115 115 252 596 596 910
add_line 0 37 115 115 115 252 596 910
add_line 0 37 115 115 115 252 910
add_line 0 37 115 115 115 393 393 393 910
add_line 0 37 115 115 115 393 393 910
add_line 0 37 115 115 115 393 910
add_line 0 37 115 115 115 910
add_line 0 37 115 115 219 219 219 530 910
add_line 0 37 115 115 219 219 219 910
add_line 0 37 115 115 219 219 375 910
add_line 0 37 115 115 219 219 530 910
add_line 0 37 115 115 219 219 910
add_line 0 37 115 115 219 530 530 530 910
add_line 0 37 115 115 219 530 530 910
add_line 0 37 115 115 219 530 910
add_line 0 37 115 115 219 910
add_line 0 37 115 115 322 322 322 910
add_line 0 37 115 115 322 322 529 910
add_line 0 37 115 115 322 322 910
add_line 0 37 115 115 322 910
add_line 0 37 115 115 426 426 426 910
add_line 0 37 115 115 426 426 910
add_line 0 37 115 115 426 910
add_line 0 37 115 115 530 530 530 910
add_line 0 37 115 115 530 530 910
add_line 0 37 115 115 530 910
add_line 0 37 115 115 910
add_line 0 37 115 193 193 193 193 193 478 910
add_line 0 37 115 193 193 193 193 193 910
add_line 0 37 115 193 193 193 193 336 910
add_line 0 37 115 193 193 193 193 478 910
add_line 0 37 115 193 193 193 193 910
add_line 0 37 115 193 193 193 381 381 381 910
add_line 0 37 115 193 193 193 381 381 910
add_line 0 37 115 193 193 193 381 910
add_line 0 37 115 193 193 193 576 576 576 910
add_line 0 37 115 193 193 193 576 576 910
add_line 0 37 115 193 193 193 576 910
add_line 0 37 115 193 193 193 910
add_line 0 37 115 193 364 364 364 364 364 910
add_line 0 37 115 193 364 364 364 364 592 910
add_line 0 37 115 193 364 364 364 364 910
add_line 0 37 115 193 364 364 364 910
add_line 0 37 115 193 364 364 592 592 592 910
add_line 0 37 115 193 364 364 592 592 910
add_line 0 37 115 193 364 364 592 910
add_line 0 37 115 193 364 364 910
add_line 0 37 115 193 364 910
add_line 0 37 115 193 478 478 478 478 478 910
add_line 0 37 115 193 478 478 478 478 910
add_line 0 37 115 193 478 478 478 910
add_line 0 37 115 193 478 478 910
add_line 0 37 115 193 478 910
add_line 0 37 115 193 910
add_line 0 37 115 910
add_line 0 37 166 166 166 166 166 424 910
add_line 0 37 166 166 166 166 166 554 910
add_line 0 37 166 166 166 166 166 910
add_line 0 37 166 166 166 166 295 910
add_line 0 37 166 166 166 166 424 910
add_line 0 37 166 166 166 166 554 910
add_line 0 37 166 166 166 166 910
add_line 0 37 166 166 166 337 337 337 910
add_line 0 37 166 166 166 337 337 910
add_line 0 37 166 166 166 337 910
add_line 0 37 166 166 166 512 512 512 910
add_line 0 37 166 166 166 512 512 910
add_line 0 37 166 166 166 512 910
add_line 0 37 166 166 166 910
add_line 0 37 166 166 295 295 295 910
add_line 0 37 166 166 295 295 489 910
add_line 0 37 166 166 295 295 910
add_line 0 37 166 166 295 910
add_line 0 37 166 166 424 424 424 910
add_line 0 37 166 166 424 424 910
add_line 0 37 166 166 424 910
add_line 0 37 166 166 554 554 554 910
add_line 0 37 166 166 554 554 910
add_line 0 37 166 166 554 910
add_line 0 37 166 166 910
add_line 0 37 166 295 295 295 295 295 910
add_line 0 37 166 295 295 295 295 489 910
add_line 0 37 166 295 295 295 295 910
add_line 0 37 166 295 295 295 551 551 551 910
add_line 0 37 166 295 295 295 551 551 910
add_line 0 37 166 295 295 295 551 910
add_line 0 37 166 295 295 295 910
add_line 0 37 166 295 528 528 528 528 528 910
add_line 0 37 166 295 528 528 528 528 910
add_line 0 37 166 295 528 528 528 910
add_line 0 37 166 295 528 528 910
add_line 0 37 166 295 528 910
add_line 0 37 166 295 910
add_line 0 37 166 910
add_line 0 37 37 37 122 122 122 336 910
add_line 0 37 37 37 122 122 122 444 910
add_line 0 37 37 37 122 122 122 551 910
add_line 0 37 37 37 122 122 122 910
add_line 0 37 37 37 122 122 910
add_line 0 37 37 37 122 336 336 336 910
add_line 0 37 37 37 122 336 336 550 910
add_line 0 37 37 37 122 336 336 910
add_line 0 37 37 37 122 336 910
add_line 0 37 37 37 122 910
add_line 0 37 37 37 211 211 211 514 910
add_line 0 37 37 37 211 211 211 910
add_line 0 37 37 37 211 211 910
add_line 0 37 37 37 211 514 514 514 910
add_line 0 37 37 37 211 514 514 910
add_line 0 37 37 37 211 514 910
add_line 0 37 37 37 211 910
add_line 0 37 37 37 37 102 335 910
add_line 0 37 37 37 37 102 910
add_line 0 37 37 37 37 166 476 910
add_line 0 37 37 37 37 166 910
add_line 0 37 37 37 37 231 910
add_line 0 37 37 37 37 296 910
add_line 0 37 37 37 37 37 166 476 910
add_line 0 37 37 37 37 37 166 910
add_line 0 37 37 37 37 37 231 910
add_line 0 37 37 37 37 37 296 910
add_line 0 37 37 37 37 37 381 910
add_line 0 37 37 37 37 37 910
add_line 0 37 37 37 37 381 910
add_line 0 37 37 37 37 910
add_line 0 37 37 37 910
add_line 0 37 910
add_line 0 61 153 153 153 153 153 398 910
add_line 0 61 153 153 153 153 153 521 910
add_line 0 61 153 153 153 153 153 910
add_line 0 61 153 153 153 153 276 910
add_line 0 61 153 153 153 153 398 910
add_line 0 61 153 153 153 153 521 910
add_line 0 61 153 153 153 153 910
add_line 0 61 153 153 153 315 315 315 910
add_line 0 61 153 153 153 315 315 910
add_line 0 61 153 153 153 315 910
add_line 0 61 153 153 153 482 482 482 910
add_line 0 61 153 153 153 482 482 910
add_line 0 61 153 153 153 482 910
add_line 0 61 153 153 153 910
add_line 0 61 153 153 276 276 276 910
add_line 0 61 153 153 276 276 460 910
add_line 0 61 153 153 276 276 910
add_line 0 61 153 153 276 910
add_line 0 61 153 153 398 398 398 910
add_line 0 61 153 153 398 398 910
add_line 0 61 153 153 398 910
add_line 0 61 153 153 521 521 521 910
add_line 0 61 153 153 521 521 910
add_line 0 61 153 153 521 910
add_line 0 61 153 153 910
add_line 0 61 153 245 245 245 245 245 582 910
add_line 0 61 153 245 245 245 245 245 910
add_line 0 61 153 245 245 245 245 414 910
add_line 0 61 153 245 245 245 245 582 910
add_line 0 61 153 245 245 245 245 910
add_line 0 61 153 245 245 245 468 468 468 910
add_line 0 61 153 245 245 245 468 468 910
add_line 0 61 153 245 245 245 468 910
add_line 0 61 153 245 245 245 910
add_line 0 61 153 245 448 448 448 448 448 910
add_line 0 61 153 245 448 448 448 448 910
add_line 0 61 153 245 448 448 448 910
add_line 0 61 153 245 448 448 910
add_line 0 61 153 245 448 910
add_line 0 61 153 245 582 582 582 582 582 910
add_line 0 61 153 245 582 582 582 582 910
add_line 0 61 153 245 582 582 582 910
add_line 0 61 153 245 582 582 910
add_line 0 61 153 245 582 910
add_line 0 61 153 245 910
add_line 0 61 153 910
add_line 0 61 214 214 214 214 214 520 910
add_line 0 61 214 214 214 214 214 910
add_line 0 61 214 214 214 214 367 910
add_line 0 61 214 214 214 214 520 910
add_line 0 61 214 214 214 214 910
add_line 0 61 214 214 214 416 416 416 910
add_line 0 61 214 214 214 416 416 910
add_line 0 61 214 214 214 416 910
add_line 0 61 214 214 214 910
add_line 0 61 214 214 367 367 367 910
add_line 0 61 214 214 367 367 597 910
add_line 0 61 214 214 367 367 910
add_line 0 61 214 214 367 910
add_line 0 61 214 214 520 520 520 910
add_line 0 61 214 214 520 520 910
add_line 0 61 214 214 520 910
add_line 0 61 214 214 910
add_line 0 61 214 367 367 367 367 367 910
add_line 0 61 214 367 367 367 367 597 910
add_line 0 61 214 367 367 367 367 910
add_line 0 61 214 367 367 367 910
add_line 0 61 214 367 910
add_line 0 61 214 910
add_line 0 61 61 61 162 162 162 416 910
add_line 0 61 61 61 162 162 162 544 910
add_line 0 61 61 61 162 162 162 910
add_line 0 61 61 61 162 162 910
add_line 0 61 61 61 162 416 416 416 910
add_line 0 61 61 61 162 416 416 910
add_line 0 61 61 61 162 416 910
add_line 0 61 61 61 162 910
add_line 0 61 61 61 267 267 267 910
add_line 0 61 61 61 267 267 910
add_line 0 61 61 61 267 910
add_line 0 61 61 61 61 138 415 910
add_line 0 61 61 61 61 138 910
add_line 0 61 61 61 61 214 582 910
add_line 0 61 61 61 61 214 910
add_line 0 61 61 61 61 291 910
add_line 0 61 61 61 61 368 910
add_line 0 61 61 61 61 469 910
add_line 0 61 61 61 61 61 214 582 910
add_line 0 61 61 61 61 61 214 910
add_line 0 61 61 61 61 61 291 910
add_line 0 61 61 61 61 61 368 910
add_line 0 61 61 61 61 61 469 910
add_line 0 61 61 61 61 61 910
add_line 0 61 61 61 61 910
add_line 0 61 61 61 910
add_line 0 61 910
add_line 0 92 203 203 203 203 203 498 910
add_line 0 92 203 203 203 203 203 910
add_line 0 92 203 203 203 203 351 910
add_line 0 92 203 203 203 203 498 910
add_line 0 92 203 203 203 203 910
add_line 0 92 203 203 203 398 398 398 910
add_line 0 92 203 203 203 398 398 910
add_line 0 92 203 203 203 398 910
add_line 0 92 203 203 203 599 599 599 910
add_line 0 92 203 203 203 599 599 910
add_line 0 92 203 203 203 599 910
add_line 0 92 203 203 203 910
add_line 0 92 203 203 351 351 351 910
add_line 0 92 203 203 351 351 573 910
add_line 0 92 203 203 351 351 910
add_line 0 92 203 203 351 910
add_line 0 92 203 203 498 498 498 910
add_line 0 92 203 203 498 498 910
add_line 0 92 203 203 498 910
add_line 0 92 203 203 910
add_line 0 92 203 314 314 314 314 314 910
add_line 0 92 203 314 314 314 314 517 910
add_line 0 92 203 314 314 314 314 910
add_line 0 92 203 314 314 314 582 582 582 910
add_line 0 92 203 314 314 314 582 582 910
add_line 0 92 203 314 314 314 582 910
add_line 0 92 203 314 314 314 910
add_line 0 92 203 314 558 558 558 558 558 910
add_line 0 92 203 314 558 558 558 558 910
add_line 0 92 203 314 558 558 558 910
add_line 0 92 203 314 558 558 910
add_line 0 92 203 314 558 910
add_line 0 92 203 314 910
add_line 0 92 203 910
add_line 0 92 276 276 276 276 276 910
add_line 0 92 276 276 276 276 460 910
add_line 0 92 276 276 276 276 910
add_line 0 92 276 276 276 519 519 519 910
add_line 0 92 276 276 276 519 519 910
add_line 0 92 276 276 276 519 910
add_line 0 92 276 276 276 910
add_line 0 92 276 276 460 460 460 910
add_line 0 92 276 276 460 460 910
add_line 0 92 276 276 460 910
add_line 0 92 276 276 910
add_line 0 92 276 460 460 460 460 460 910
add_line 0 92 276 460 460 460 460 910
add_line 0 92 276 460 460 460 910
add_line 0 92 276 460 910
add_line 0 92 276 910
add_line 0 92 910
add_line 0 92 92 92 214 214 214 520 910
add_line 0 92 92 92 214 214 214 910
add_line 0 92 92 92 214 214 910
add_line 0 92 92 92 214 520 520 520 910
add_line 0 92 92 92 214 520 520 910
add_line 0 92 92 92 214 520 910
add_line 0 92 92 92 214 910
add_line 0 92 92 92 339 339 339 910
add_line 0 92 92 92 339 339 910
add_line 0 92 92 92 339 910
add_line 0 92 92 92 910
add_line 0 92 92 92 92 184 516 910
add_line 0 92 92 92 92 184 910
add_line 0 92 92 92 92 276 910
add_line 0 92 92 92 92 369 910
add_line 0 92 92 92 92 461 910
add_line 0 92 92 92 92 583 910
add_line 0 92 92 92 92 910
add_line 0 92 92 92 92 92 276 910
add_line 0 92 92 92 92 92 369 910
add_line 0 92 92 92 92 92 461 910
add_line 0 92 92 92 92 92 583 910
add_line 0 92 92 92 92 92 910
 